0.523442405520 0.000000000000 0.035000000000
0.523482677445 0.000696220082 0.034993008127
0.523372044255 0.002469354177 0.034912433077
0.523195672574 0.003452958514 0.034828897244
0.522674854403 0.005205580076 0.034610338111
0.522110744804 0.006445219667 0.034399537914
0.521367644696 0.007662864910 0.034150470602
0.520620807438 0.008616690065 0.033920344077
0.519315627903 0.009888177238 0.033573969696
0.518332699329 0.010601483245 0.033354531659
0.516846795033 0.011374775354 0.033098561174
0.516042352148 0.011716328413 0.032980571637
0.514726639895 0.012216445162 0.032796204097
0.513068185916 0.012762033878 0.032589086626
0.511964868741 0.013080303624 0.032461920716
0.510233244213 0.013525266376 0.032278426728
0.508889883720 0.013834415790 0.032149396515
0.507520266786 0.014103102287 0.032030224887
0.505675270838 0.014420201861 0.031888717234
0.503716672699 0.014704745129 0.031759290345
0.502446605086 0.014871684963 0.031682641500
0.501349921700 0.015004899809 0.031620313303
0.499163268452 0.015238876468 0.031506995053
0.497879770183 0.015361140551 0.031446795736
0.495831389415 0.015537461726 0.031359962959
0.494400820538 0.015646301299 0.031305659070
0.492493965936 0.015778915298 0.031238678414
0.490861300074 0.015881563582 0.031186287395
0.489176482190 0.015979224924 0.031136567832
0.487360226981 0.016072681580 0.031088410334
0.485837324161 0.016143634695 0.031051974781
0.483849169991 0.016221071829 0.031012253075
0.482528824989 0.016271162865 0.030986586536
0.480663310230 0.016336116216 0.030953555235
0.479260281717 0.016377866977 0.030930645009
0.477998814702 0.016412225392 0.030911893204
0.475978921464 0.016461648448 0.030884866026
0.474527690438 0.016495511321 0.030866502995
0.472717209213 0.016541789135 0.030841548298
0.471165005386 0.016571867722 0.030825309163
0.469460697476 0.016602146576 0.030808990821
0.467833003497 0.016627042451 0.030795532583
0.466196612420 0.016649483160 0.030783431018
0.464506656166 0.016673741554 0.030770326600
0.462934867484 0.016700344694 0.030755955521
0.461171433043 0.016719984903 0.030745344612
0.459663951067 0.016735168919 0.030737141636
0.457851753398 0.016750355656 0.030728936513
0.456387834426 0.016761062822 0.030723151997
0.454534584738 0.016777924655 0.030714042754
0.453116288234 0.016794841563 0.030704906370
0.451218383469 0.016806737365 0.030698468459
0.449837161586 0.016814375458 0.030694339458
0.447915651872 0.016822654833 0.030689854177
0.446554313270 0.016827513169 0.030687226264
0.444599891127 0.016839354263 0.030680909703
0.443271456531 0.016851515065 0.030674420181
0.441290704899 0.016858188622 0.030670736152
0.439991332463 0.016861866798 0.030668724696
0.438014698374 0.016865554250 0.030666652475
0.436708383807 0.016867304000 0.030665683450
0.434728343020 0.016875300346 0.030661338318
0.433427402504 0.016884636750 0.030656288706
0.431406768100 0.016888212586 0.030654437140
0.430133752763 0.016889815014 0.030653600056
0.428090180295 0.016890874765 0.030653113400
0.426837726975 0.016890875481 0.030653145326
0.424791836120 0.016896834440 0.030649854252
0.423559754027 0.016904354576 0.030645691895
0.421506450282 0.016905842437 0.030644902343
0.420268633367 0.016906218220 0.030644704824
0.418211831723 0.016905491995 0.030645111824
0.416975449194 0.016904538506 0.030645632562
0.414914377863 0.016909354801 0.030643036515
0.413690698168 0.016916294420 0.030639286696
0.411616403793 0.016916509009 0.030639170544
0.410399272123 0.016916171036 0.030639353049
0.408327111800 0.016914366685 0.030640327643
0.407105981610 0.016912846056 0.030641149087
0.405033910108 0.016916862920 0.030638975053
0.403820979635 0.016923308975 0.030635489939
0.401739809629 0.016922784680 0.030635758446
0.400529692814 0.016922049379 0.030636149774
0.398454890435 0.016919619841 0.030637448014
0.397236648935 0.016917771963 0.030638440850
0.395150540932 0.016921541577 0.030636501911
0.393944601894 0.016927923403 0.030633147758
0.391825993627 0.016926997719 0.030633730409
0.390647700831 0.016926014741 0.030634297688
0.388519392780 0.016923149373 0.030635927538
0.387349061888 0.016921105732 0.030637067345
0.385233118900 0.016924299749 0.030635236976
0.384070889542 0.016929978258 0.030632045466
0.381995354746 0.016928546703 0.030632572164
0.380791329796 0.016927411005 0.030633091098
0.378763850305 0.016924309133 0.030634542350
0.377510196122 0.016922149899 0.030635636959
0.375511135479 0.016924727735 0.030634157112
0.374227087190 0.016930598315 0.030630971798
0.372197888402 0.016929380318 0.030631721214
0.370928871656 0.016928196145 0.030632394716
0.368887142229 0.016925201466 0.030634108275
0.367628990362 0.016922933721 0.030635369770
0.365591364529 0.016925458245 0.030633947209
0.364348494700 0.016931203681 0.030630804811
0.362405492474 0.016929506809 0.030631202794
0.361090056990 0.016928510220 0.030631638437
0.359260145706 0.016925626536 0.030632803220
0.357830352226 0.016923714757 0.030633859410
0.356084329426 0.016924956534 0.030633086823
0.354554980428 0.016930640337 0.030629958958
0.352788641429 0.016929679428 0.030630490832
0.351261966940 0.016928565485 0.030631102005
0.349498789858 0.016926186374 0.030632412977
0.347967433536 0.016923840913 0.030633700624
0.346202808315 0.016925081781 0.030633050809
0.344677368807 0.016930824066 0.030629909846
0.342899655393 0.016929812596 0.030630465802
0.341384718460 0.016928667690 0.030631094435
0.339611658300 0.016926218364 0.030632439970
0.338090541174 0.016923838733 0.030633746625
0.336321698109 0.016924994200 0.030633109740
0.334803352387 0.016930643843 0.030630006576
0.333026641013 0.016929589884 0.030630584463
0.331510847466 0.016928408783 0.030631233245
0.329739443572 0.016925913965 0.030632602431
0.328216810013 0.016923492311 0.030633932523
0.326452094001 0.016924551051 0.030633334816
0.324931014157 0.016930135180 0.030630263856
0.323162102366 0.016929026788 0.030630866742
0.321639218176 0.016927800946 0.030631541407
0.319877684819 0.016925261666 0.030632930598
0.318345887683 0.016922786948 0.030634291662
0.316597173419 0.016923651037 0.030633768134
0.315063695181 0.016929117857 0.030630749553
0.313316369328 0.016927945306 0.030631386693
0.311773280298 0.016926649168 0.030632101637
0.310034232341 0.016924077827 0.030633508271
0.308481336239 0.016921525881 0.030634914202
0.306743442219 0.016922448747 0.030634467812
0.305197457726 0.016927715601 0.030631514766
0.303396465187 0.016926182878 0.030632535880
0.301905889061 0.016924304399 0.030633555645
0.300046404735 0.016921118312 0.030635511133
0.298612677271 0.016918073069 0.030637196453
0.296721213284 0.016919324029 0.030636594585
0.295359211016 0.016924765194 0.030633664973
0.293529981547 0.016924304405 0.030633716413
0.292146952468 0.016923895803 0.030633924966
0.290372383807 0.016922243202 0.030634655673
0.288933474344 0.016920879620 0.030635415542
0.287228241902 0.016922777338 0.030634241020
0.285783957688 0.016928082658 0.030631099068
0.284021696802 0.016927256530 0.030632024427
0.282661067437 0.016925533590 0.030633041327
0.280763141553 0.016923100562 0.030635023802
0.279536802411 0.016920694747 0.030636589208
0.278135933319 0.016919221743 0.030638624589
0.276944713701 0.016912159727 0.030640323938
0.275648011414 0.016912971834 0.030640920370
0.273764880640 0.016915259770 0.030640983570
0.272581379040 0.016913905342 0.030640793571
0.271239785458 0.016914100587 0.030640397903
0.269514640890 0.016914381987 0.030639597451
0.268015552801 0.016915830134 0.030640546475
0.267392113674 0.016910953101 0.030641048412
0.265939364512 0.016906939309 0.030644166281
0.264470689808 0.016900960484 0.030647528258
0.263120414425 0.016898007144 0.030650469055
0.261384234082 0.016889015327 0.030653875862
0.259849944903 0.016884155540 0.030656688802
0.258634367555 0.016879620606 0.030658594867
0.257781310075 0.016877883885 0.030659587052
0.256582628545 0.016879777959 0.030659827622
0.255403063995 0.016876647442 0.030660238982
0.254195555855 0.016877784462 0.030661041482
0.252999015003 0.016869839563 0.030664819067
0.251473889327 0.016862363900 0.030669961338
0.250568828502 0.016853019542 0.030673089849
0.249641474408 0.016854107564 0.030673613755
0.248983083185 0.016854696457 0.030674201770
0.247465085791 0.016842766250 0.030679391317
0.246217452543 0.016838852635 0.030682969901
0.245124418662 0.016831445103 0.030685680267
0.243661411835 0.016828268178 0.030688542968
0.242787463071 0.016824763478 0.030689892359
0.241902476804 0.016820190728 0.030692404330
0.240861762775 0.016809955160 0.030698104019
0.239758583030 0.016798294366 0.030704308638
0.238501065030 0.016785780020 0.030711557298
0.237614495036 0.016776460546 0.030716796087
0.236624706561 0.016766362726 0.030722766190
0.235421974487 0.016750919030 0.030730353982
0.234343363527 0.016737016242 0.030738313010
0.233617823305 0.016724464144 0.030744277617
0.232431281985 0.016707006060 0.030755048627
0.231828102975 0.016693108702 0.030760958120
0.230814227303 0.016675980806 0.030771679357
0.230037313046 0.016657032196 0.030780386361
0.229394705045 0.016640190854 0.030791147869
0.228341373584 0.016594223610 0.030814975962
0.227508181452 0.016548443112 0.030840028139
0.226636410929 0.016490011578 0.030870951039
0.225632375933 0.016410681671 0.030914011902
0.225000000000 0.016333963666 0.030953613583
0.225000000000 0.015945796920 0.031520771288
0.225000000000 0.015553549359 0.032052633191
0.225000000000 0.014991186991 0.032765902824
0.225000000000 0.014351464738 0.033505110005
0.225000000000 0.013961817396 0.033924192209
0.225000000000 0.013493307754 0.034386798482
0.225000000000 0.013041245645 0.034802983158
0.225000000000 0.012610371046 0.035176347447
0.225000000000 0.012166977685 0.035545352244
0.225000000000 0.011621051155 0.035969402288
0.225000000000 0.011244830944 0.036249379090
0.225000000000 0.010657380225 0.036654392291
0.225000000000 0.010294418284 0.036888771467
0.225000000000 0.009937465577 0.037108186465
0.225000000000 0.009416948479 0.037412338918
0.225000000000 0.009089617846 0.037591086065
0.225000000000 0.008514675277 0.037886727779
0.225000000000 0.008132415671 0.038068182974
0.225000000000 0.007699769313 0.038264337248
0.225000000000 0.007227483657 0.038462918118
0.225000000000 0.006931397373 0.038580456550
0.225000000000 0.006633031047 0.038691999822
0.225000000000 0.006166208570 0.038857093625
0.225000000000 0.005832093944 0.038966644165
0.225000000000 0.005451573959 0.039083395554
0.225000000000 0.005067721480 0.039193261247
0.225000000000 0.004616331782 0.039311334292
0.225000000000 0.004211905571 0.039407149846
0.225000000000 0.003727891864 0.039508936038
0.225000000000 0.003380496155 0.039573816013
0.225000000000 0.003021688029 0.039634845573
0.225000000000 0.002746416102 0.039676821142
0.225000000000 0.002491243434 0.039711881508
0.225000000000 0.002238214208 0.039743582421
0.225000000000 0.001902454146 0.039780102236
0.225000000000 0.001703912806 0.039799179609
0.225000000000 0.001491393954 0.039816616210
0.225000000000 0.001173790885 0.039838933959
0.225000000000 0.000972827364 0.039850256866
0.225000000000 0.000745559434 0.039860515519
0.225000000000 0.000475831361 0.039868978589
0.225000000000 0.000298223773 0.039872811141
0.225000000000 0.000149111887 0.039874562809
0.225000000000 0.000000000000 0.039875101860
