0.225000000000 0.032383644807 -0.013274406978
0.225000000000 0.033052872455 -0.013914311900
0.225000000000 0.033506056877 -0.014363785359
0.225000000000 0.033933172237 -0.014793743239
0.225000000000 0.034614456223 -0.015509292339
0.225000000000 0.035185505670 -0.016128720329
0.225000000000 0.035682172517 -0.016671805575
0.225000000000 0.036449987899 -0.017576280720
0.225000000000 0.036978842694 -0.018213571269
0.225000000000 0.037757616392 -0.019173521696
0.225000000000 0.038260668932 -0.019817413790
0.225000000000 0.038909862146 -0.020691145076
0.225000000000 0.039509697304 -0.021537024799
0.225703426652 0.039500079906 -0.021557562580
0.226919842691 0.039483220524 -0.021587714151
0.228051848566 0.039472043726 -0.021608652941
0.228884266689 0.039465244501 -0.021618290904
0.229667459106 0.039463343010 -0.021624545013
0.230911184244 0.039460379129 -0.021629861928
0.232132898557 0.039457224148 -0.021635227339
0.233095240871 0.039454206377 -0.021639164892
0.234372766637 0.039452808694 -0.021643822411
0.235211599182 0.039449829534 -0.021646285486
0.235933068138 0.039450507900 -0.021648267894
0.237232251981 0.039447666782 -0.021651663859
0.238179193234 0.039447351256 -0.021653096756
0.239549435959 0.039445479146 -0.021654868400
0.240549436891 0.039445247636 -0.021656574111
0.241752162715 0.039444612763 -0.021658770582
0.243013989394 0.039442749007 -0.021661306668
0.243955269592 0.039440573121 -0.021663318923
0.245469867676 0.039440878484 -0.021665907152
0.246241494764 0.039438023345 -0.021666970490
0.247507763021 0.039439336316 -0.021668206226
0.248527346176 0.039436769006 -0.021668948794
0.249516996719 0.039438806358 -0.021669225414
0.250817662833 0.039435941383 -0.021670162910
0.251482499446 0.039438299487 -0.021670630723
0.252923383114 0.039435747411 -0.021671190602
0.253677509132 0.039437690771 -0.021671728905
0.255138798695 0.039434499228 -0.021673464853
0.255877488627 0.039436129581 -0.021674579086
0.257353899087 0.039432285876 -0.021677514783
0.258407683018 0.039432665941 -0.021676990979
0.259565507515 0.039432424714 -0.021676761582
0.260783941042 0.039432895472 -0.021676861954
0.261776958542 0.039432759961 -0.021677238884
0.263439367909 0.039433382537 -0.021676949021
0.264749397894 0.039433576230 -0.021676533736
0.266421181911 0.039431698635 -0.021678111645
0.267869591036 0.039432313381 -0.021677670697
0.269240139865 0.039433183856 -0.021675833770
0.270995157845 0.039436979687 -0.021671290065
0.272213016433 0.039436570312 -0.021672148735
0.274345597126 0.039435589131 -0.021674652400
0.275501071276 0.039434779452 -0.021676624498
0.276706277861 0.039433189128 -0.021678326899
0.278788202292 0.039430850440 -0.021680395627
0.280249147382 0.039430352013 -0.021681091204
0.282076382023 0.039428954626 -0.021682684408
0.283590494689 0.039427935847 -0.021684548323
0.285369562914 0.039427356125 -0.021685607429
0.286882048760 0.039427818164 -0.021684762444
0.288659976577 0.039428324241 -0.021683835729
0.290174989587 0.039428809601 -0.021682948101
0.291951458983 0.039428341199 -0.021683804147
0.293464824759 0.039427461121 -0.021685413943
0.295244538733 0.039426907734 -0.021686426172
0.296755947638 0.039427257368 -0.021685786639
0.298535000168 0.039427664886 -0.021685041226
0.300048331439 0.039428108566 -0.021684229669
0.301826478162 0.039427571532 -0.021685211984
0.303337918832 0.039426620146 -0.021686952215
0.305119631624 0.039426076396 -0.021687946816
0.306629202409 0.039426550840 -0.021687078986
0.308409777121 0.039427097878 -0.021686078371
0.309921882687 0.039427650087 -0.021685068297
0.311701014422 0.039427205900 -0.021685880781
0.313211646985 0.039426309673 -0.021687520115
0.314994071213 0.039425791644 -0.021688467670
0.316502945424 0.039426252803 -0.021687624141
0.318284239199 0.039426794310 -0.021686633642
0.319795623065 0.039427349842 -0.021685617489
0.321575435459 0.039426936670 -0.021686373244
0.323085468235 0.039426077091 -0.021687945543
0.324868402531 0.039425597477 -0.021688822830
0.326376844734 0.039426085529 -0.021687930109
0.328158492506 0.039426665411 -0.021686869417
0.329669611478 0.039427257118 -0.021685787096
0.331449605887 0.039426877112 -0.021686482185
0.332959520700 0.039426037956 -0.021688017128
0.334742519540 0.039425582612 -0.021688850022
0.336250948959 0.039426089699 -0.021687922482
0.338032563959 0.039426688661 -0.021686826890
0.339543755027 0.039427294188 -0.021685719289
0.341323636405 0.039426934609 -0.021686377013
0.342833713380 0.039426116131 -0.021687874134
0.344616489420 0.039425690842 -0.021688652052
0.346125213994 0.039426228410 -0.021687668759
0.347906458732 0.039426859729 -0.021686513980
0.349418087933 0.039427489684 -0.021685361698
0.351197472973 0.039427154376 -0.021685975027
0.352708083319 0.039426342610 -0.021687459869
0.354490330836 0.039425906552 -0.021688257485
0.355999542777 0.039426420456 -0.021687317477
0.357780342818 0.039427039739 -0.021686184714
0.359292392601 0.039427661554 -0.021685047322
0.361071153992 0.039427504281 -0.021685334996
0.362582881901 0.039426927715 -0.021686389624
0.364363568882 0.039426627073 -0.021686939543
0.365874395068 0.039427050497 -0.021686165037
0.367653823917 0.039427556909 -0.021685238732
0.369166984492 0.039428073729 -0.021684293390
0.370944836327 0.039427853087 -0.021684696978
0.372457379180 0.039427260734 -0.021685780482
0.374237230535 0.039426993181 -0.021686269876
0.375749014506 0.039427485719 -0.021685368950
0.377527324898 0.039428057445 -0.021684323176
0.379041725911 0.039428611008 -0.021683310626
0.380818185377 0.039428480737 -0.021683548912
0.382332352946 0.039427992406 -0.021684442142
0.384110372039 0.039427794474 -0.021684804190
0.385624054610 0.039428272893 -0.021683929089
0.387400496641 0.039428833438 -0.021682903768
0.388916744795 0.039429380428 -0.021681903240
0.390691367242 0.039429248261 -0.021682144994
0.392207372644 0.039428762507 -0.021683033512
0.393983510497 0.039428598316 -0.021683333842
0.395499194027 0.039429143158 -0.021682337243
0.397273455309 0.039429787701 -0.021681158277
0.398792077946 0.039430412781 -0.021680014911
0.400564166816 0.039430335629 -0.021680156033
0.402082802658 0.039429875900 -0.021680996947
0.403856250167 0.039429735803 -0.021681253206
0.405374672737 0.039430297292 -0.021680226157
0.407146154370 0.039430959164 -0.021679015493
0.408667600410 0.039431603522 -0.021677836865
0.410436796679 0.039431564987 -0.021677907351
0.411958426422 0.039431151394 -0.021678663875
0.413728751463 0.039431072727 -0.021678807770
0.415250434945 0.039431688615 -0.021677681217
0.417018531091 0.039432400314 -0.021676379412
0.418543464876 0.039433080400 -0.021675135432
0.420309067547 0.039433094699 -0.021675109276
0.421834426356 0.039432741611 -0.021675755127
0.423600852822 0.039432744258 -0.021675750286
0.425126634332 0.039433445705 -0.021674467233
0.426890406733 0.039434260691 -0.021672976501
0.428419904796 0.039435038732 -0.021671553346
0.430180743027 0.039435122542 -0.021671400044
0.431710990892 0.039434804203 -0.021671982334
0.433472420044 0.039434862676 -0.021671875378
0.435003371133 0.039435652424 -0.021670430811
0.436761727895 0.039436584976 -0.021668725032
0.438296929913 0.039437486670 -0.021667075696
0.440051745786 0.039437713219 -0.021666661304
0.441588329721 0.039437514609 -0.021667024591
0.443343152365 0.039437679615 -0.021666722771
0.444880911314 0.039438531291 -0.021665164927
0.446632299633 0.039439536267 -0.021663326673
0.448174648798 0.039440515050 -0.021661536331
0.449922045387 0.039440892194 -0.021660846477
0.451466442118 0.039440872222 -0.021660883010
0.453213005409 0.039441232203 -0.021660224550
0.454759434891 0.039442232917 -0.021658394091
0.456501791417 0.039443391103 -0.021656275594
0.458053523596 0.039444510527 -0.021654227999
0.459791210664 0.039445020203 -0.021653295724
0.461345636622 0.039445135181 -0.021653085412
0.463081754059 0.039445708783 -0.021652036207
0.464639232892 0.039447000793 -0.021649672924
0.466369806836 0.039448481143 -0.021646965141
0.467934089300 0.039449920702 -0.021644331969
0.469658578922 0.039450651690 -0.021642994881
0.471226654985 0.039450924075 -0.021642496649
0.472948700369 0.039451693294 -0.021641089630
0.474520801807 0.039453250307 -0.021638241618
0.476236063642 0.039455042528 -0.021634963374
0.477816455205 0.039456837018 -0.021631680980
0.479523811984 0.039458069593 -0.021629426414
0.481110296403 0.039458907551 -0.021627893662
0.482812525157 0.039460289431 -0.021625365995
0.484405944214 0.039462489588 -0.021621341574
0.486098372600 0.039464906886 -0.021616919969
0.487703143594 0.039467369748 -0.021612415023
0.489385772844 0.039468225189 -0.021610850292
0.490995790738 0.039468441273 -0.021610455041
0.492689216874 0.039470863195 -0.021606031697
0.494352532704 0.039475923438 -0.021596769811
0.496055894181 0.039479901626 -0.021589499342
0.497736475396 0.039482555220 -0.021584638718
0.499429693136 0.039486638518 -0.021577344292
0.500878564089 0.039490550808 -0.021570038774
0.502461019470 0.039496042401 -0.021564668124
0.503552093035 0.039493709031 -0.021563283318
0.505192631992 0.039500035550 -0.021557838939
0.506019551183 0.039499213623 -0.021553964004
0.507545248672 0.039506634752 -0.021544224219
0.508491293884 0.039509380608 -0.021536799097
0.509783778655 0.039512821118 -0.021529053859
0.510626744352 0.039518278894 -0.021523256192
0.512122745178 0.039520870898 -0.021512735332
0.513066125172 0.039528089816 -0.021505892676
0.514461579004 0.039529883493 -0.021495567802
0.515718966037 0.039538847689 -0.021485963429
0.517015921331 0.039541963146 -0.021473476518
0.518036967377 0.039553239707 -0.021459835301
0.519999121466 0.039571315215 -0.021424755751
0.521711150810 0.039593307821 -0.021384290548
0.522895273884 0.039610380572 -0.021348051603
0.524260429906 0.039639379684 -0.021298879205
0.524750000000 0.039118557199 -0.020944751691
0.524750000000 0.038174024377 -0.020324007304
0.524750000000 0.037566275364 -0.019914299699
0.524750000000 0.036612593209 -0.019256967859
0.524750000000 0.035996391412 -0.018832461517
0.524750000000 0.035218218511 -0.018284013162
0.524750000000 0.034549249535 -0.017805264378
0.524750000000 0.034146374343 -0.017496050425
0.524750000000 0.033359886974 -0.016861872722
0.524750000000 0.032758943954 -0.016339830172
0.524750000000 0.032226915847 -0.015872659435
0.524750000000 0.031767019542 -0.015454799549
0.523716156494 0.031604915787 -0.015029758481
0.522341808352 0.031716937440 -0.014798105830
0.520614625974 0.031829623994 -0.014546912819
0.518657671292 0.031934602749 -0.014323343805
0.517513095455 0.031978224794 -0.014218010325
0.515606396570 0.032039528613 -0.014087010946
0.515110477242 0.032051976414 -0.014059424950
0.513318152712 0.032089365482 -0.013967095237
0.511552160761 0.032125296921 -0.013886099399
0.510160511223 0.032151894061 -0.013827317143
0.508945278089 0.032171332960 -0.013780984422
0.506986092400 0.032198095117 -0.013713564364
0.505156499130 0.032222981574 -0.013657815298
0.503879091770 0.032240304061 -0.013618973862
0.502791544029 0.032253785126 -0.013589553828
0.500649504771 0.032274169508 -0.013535930357
0.499164359974 0.032287781725 -0.013502743626
0.497410640679 0.032302295097 -0.013466501624
0.495588492087 0.032316479230 -0.013434775069
0.494262262200 0.032325701319 -0.013413830404
0.492141608636 0.032339472360 -0.013383196754
0.490909552673 0.032346133610 -0.013367262087
0.488659003199 0.032357058525 -0.013340908546
0.487438327873 0.032362419697 -0.013327978656
0.485234161219 0.032371224259 -0.013306894028
0.484102552113 0.032375653710 -0.013296447848
0.482511102029 0.032381673035 -0.013282440099
0.480849225677 0.032386664157 -0.013269207773
0.479691677466 0.032389838720 -0.013260852217
0.477598776612 0.032394933814 -0.013247298406
0.476359851593 0.032397598643 -0.013240285905
0.474330012148 0.032402033674 -0.013229161814
0.473058370871 0.032404659891 -0.013222574646
0.471010089875 0.032408903077 -0.013212543105
0.469738189007 0.032411212610 -0.013206965908
0.467660894386 0.032414724144 -0.013198776751
0.466420551326 0.032416536148 -0.013194516857
0.464355560499 0.032419126098 -0.013187983198
0.463123417018 0.032420604163 -0.013184254488
0.461050461300 0.032423092133 -0.013178323177
0.459817992905 0.032424393078 -0.013175175691
0.457730617088 0.032426419383 -0.013170409812
0.456513931169 0.032427440779 -0.013167994870
0.454433055587 0.032429025951 -0.013163983740
0.453219054998 0.032429926838 -0.013161704130
0.451164225471 0.032431188948 -0.013158222326
0.449931106549 0.032431872565 -0.013156387669
0.447904570670 0.032432811944 -0.013153739572
0.446643530976 0.032433317138 -0.013152343025
0.444625599662 0.032434197466 -0.013150121023
0.443350134982 0.032434750796 -0.013148724382
0.441350551366 0.032435522879 -0.013146572078
0.440061982112 0.032435967901 -0.013145386837
0.438083225437 0.032436502756 -0.013143842670
0.436774040052 0.032436793660 -0.013143026931
0.434800801281 0.032437264777 -0.013141840116
0.433481530241 0.032437599557 -0.013140996755
0.431498295514 0.032438231857 -0.013139594803
0.430183882074 0.032438563713 -0.013138815238
0.428186621889 0.032439027729 -0.013137841499
0.426886938454 0.032439253766 -0.013137358098
0.424888998816 0.032439530134 -0.013136660528
0.423594899468 0.032439728858 -0.013136158939
0.421596686637 0.032440090874 -0.013135277263
0.420301962178 0.032440276570 -0.013134818608
0.418302661564 0.032440504370 -0.013134275688
0.417009387947 0.032440603348 -0.013134039926
0.415010641053 0.032440749088 -0.013133671955
0.413717636954 0.032440875105 -0.013133353780
0.411720087166 0.032441108770 -0.013132763345
0.410425790241 0.032441222677 -0.013132475599
0.408429278063 0.032441341617 -0.013132174828
0.407134211381 0.032441380452 -0.013132076573
0.405138162800 0.032441449340 -0.013131902640
0.403842635800 0.032441528255 -0.013131703392
0.401849396888 0.032441685220 -0.013131276167
0.400551715528 0.032441757369 -0.013131084511
0.398561735419 0.032441808759 -0.013130924052
0.397260994864 0.032441809488 -0.013130908875
0.395271553471 0.032441826663 -0.013130865524
0.393969537186 0.032441873956 -0.013130746154
0.391969430296 0.032442083422 -0.013130384002
0.390673589877 0.032442167634 -0.013130224977
0.388659819404 0.032442286078 -0.013130096787
0.387378090440 0.032442317852 -0.013130093375
0.385362318657 0.032442330155 -0.013130062269
0.384086644235 0.032442374322 -0.013129950605
0.382104827757 0.032442256044 -0.013129736989
0.380808071245 0.032442223225 -0.013129675860
0.378868380235 0.032442025218 -0.013129704136
0.377528704581 0.032441910190 -0.013129806932
0.375595125817 0.032441862899 -0.013129925905
0.374237395596 0.032441869773 -0.013129908613
0.372290694674 0.032442072072 -0.013129585605
0.370940497997 0.032442149575 -0.013129436411
0.368976799237 0.032442266150 -0.013129335641
0.367644181823 0.032442290582 -0.013129356733
0.365677776778 0.032442263764 -0.013129424339
0.364352815655 0.032442290409 -0.013129357171
0.362467848699 0.032441875966 -0.013129243136
0.361094085219 0.032441824693 -0.013129245571
0.359312550572 0.032441419146 -0.013129369553
0.357831346599 0.032441244850 -0.013129581426
0.356066186545 0.032441128436 -0.013129871240
0.354540224906 0.032441074488 -0.013130005543
0.352774058459 0.032441240386 -0.013129602487
0.351248068698 0.032441333451 -0.013129368653
0.349481144162 0.032441380995 -0.013129260259
0.347956331558 0.032441340405 -0.013129363959
0.346188821957 0.032441206052 -0.013129698488
0.344665244032 0.032441146226 -0.013129847448
0.342897480977 0.032441283860 -0.013129506057
0.341373513465 0.032441361306 -0.013129312949
0.339606089147 0.032441391561 -0.013129238921
0.338082123612 0.032441344403 -0.013129356689
0.336314275231 0.032441206080 -0.013129701110
0.334791049684 0.032441140752 -0.013129863775
0.333023231871 0.032441273000 -0.013129532519
0.331499463822 0.032441347327 -0.013129347856
0.329732415176 0.032441372234 -0.013129283881
0.328208201563 0.032441321221 -0.013129410382
0.326440781781 0.032441178242 -0.013129766386
0.324917140234 0.032441108804 -0.013129939279
0.323150824007 0.032441232225 -0.013129618597
0.321626025491 0.032441303668 -0.013129443579
0.319862043328 0.032441318916 -0.013129392339
0.318335178144 0.032441261359 -0.013129532181
0.316571070173 0.032441111119 -0.013129906181
0.315044136917 0.032441034990 -0.013130095691
0.313287759920 0.032441118571 -0.013129805051
0.311755722215 0.032441185114 -0.013129660451
0.310011402533 0.032441155155 -0.013129655779
0.308467232774 0.032441069441 -0.013129850911
0.306724494625 0.032440890357 -0.013130296089
0.305176273952 0.032440786024 -0.013130555448
0.303393354810 0.032441073102 -0.013130221655
0.301865502563 0.032441124443 -0.013130034892
0.300026933858 0.032441332763 -0.013129968004
0.298557049498 0.032441353044 -0.013130081073
0.296710072788 0.032441198100 -0.013130468785
0.295266007475 0.032441125569 -0.013130650276
0.293451318691 0.032440986902 -0.013130576393
0.291984986176 0.032440979548 -0.013130618203
0.290218064083 0.032440750929 -0.013130823603
0.288702938861 0.032440570876 -0.013131182409
0.286945345540 0.032440315683 -0.013131817307
0.285412174221 0.032440149993 -0.013132229529
0.283574380255 0.032440779039 -0.013131486646
0.282084429995 0.032441131504 -0.013130635473
0.280135428065 0.032442180254 -0.013129112160
0.278758684786 0.032442735753 -0.013128217011
0.276793690714 0.032442058819 -0.013129928228
0.275469626931 0.032441606689 -0.013131069266
0.273453893182 0.032441056429 -0.013133675380
0.272209425242 0.032440684886 -0.013135131270
0.270083573883 0.032440390634 -0.013137353120
0.268948797613 0.032440288343 -0.013138386102
0.267862951637 0.032440538228 -0.013137939480
0.265703409545 0.032440468120 -0.013137387965
0.264593226633 0.032439938000 -0.013137629903
0.262644461843 0.032439011441 -0.013137870478
0.261367693724 0.032438779837 -0.013137996276
0.259585199859 0.032438224527 -0.013137943169
0.258066994602 0.032437615231 -0.013139361631
0.256626653542 0.032436807057 -0.013141028308
0.255721998260 0.032439015239 -0.013141262522
0.253957433248 0.032435779445 -0.013141757376
0.252417071126 0.032438511786 -0.013142478567
0.251288307231 0.032435650272 -0.013143005711
0.249670244433 0.032437119809 -0.013144023999
0.248602347783 0.032436068643 -0.013145523400
0.247254025284 0.032435655877 -0.013147016300
0.246117473642 0.032435778021 -0.013148619616
0.244874682277 0.032434042878 -0.013150672386
0.243622603526 0.032433818992 -0.013153196189
0.242493913616 0.032432084298 -0.013155748424
0.241128531371 0.032430513800 -0.013159294598
0.240269671993 0.032430561911 -0.013160612859
0.238913550622 0.032428069051 -0.013162678917
0.237540146485 0.032428749005 -0.013165532760
0.236710658665 0.032427791531 -0.013167727386
0.235389129673 0.032425985588 -0.013171712700
0.234513909297 0.032424755834 -0.013174647690
0.233803786389 0.032424643827 -0.013176366790
0.232744732045 0.032422990303 -0.013179493739
0.231979942793 0.032422100213 -0.013182348779
0.230982654115 0.032420443433 -0.013186656670
0.230362213063 0.032419278635 -0.013189853883
0.229335063357 0.032416218554 -0.013195642579
0.228764944101 0.032416056721 -0.013198078189
0.228031593473 0.032412830485 -0.013204330326
0.227525317467 0.032410719539 -0.013211106155
0.226567737699 0.032402929351 -0.013229985103
0.225523500305 0.032391788773 -0.013257773688
0.225000000000 0.032383644807 -0.013274406978
