0.225000000000 0.034212590996 -0.007381227932
0.225000000000 0.034503471700 -0.007507760276
0.225000000000 0.034834124382 -0.007654922106
0.225000000000 0.035214685304 -0.007827135139
0.225000000000 0.035641976598 -0.008022043327
0.225000000000 0.036141591576 -0.008250870752
0.225000000000 0.036512588994 -0.008422431678
0.225000000000 0.036888052136 -0.008595996821
0.225000000000 0.037192853130 -0.008740646971
0.225000000000 0.037688865070 -0.008977520434
0.225000000000 0.038058915118 -0.009158164562
0.225000000000 0.038510934407 -0.009382536707
0.225000000000 0.038941613200 -0.009596313627
0.225000000000 0.039342984711 -0.009800117325
0.225000000000 0.039809202805 -0.010037527866
0.225000000000 0.040279105012 -0.010279650113
0.225000000000 0.040737655330 -0.010516096821
0.225000000000 0.041253495671 -0.010790255486
0.225000000000 0.041571209168 -0.010960060731
0.225000000000 0.042174870988 -0.011287378798
0.225000000000 0.042749049421 -0.011603985466
0.225000000000 0.043083213282 -0.011791127905
0.225353714912 0.043379046837 -0.011968730859
0.225864199766 0.043375584597 -0.011978760823
0.226386302648 0.043373898558 -0.011987411112
0.227231503089 0.043370452857 -0.011998465750
0.227882684324 0.043369111011 -0.012004121713
0.228596255667 0.043368007319 -0.012007956361
0.229361087378 0.043367333777 -0.012009976583
0.230047269177 0.043367020092 -0.012012206481
0.230691104481 0.043366294197 -0.012013898141
0.231541903863 0.043365560037 -0.012015604044
0.232090353654 0.043365952623 -0.012016335288
0.233088566297 0.043364528981 -0.012017634257
0.234357756792 0.043364692882 -0.012020229124
0.235119557193 0.043364257193 -0.012022007640
0.236517800842 0.043363546132 -0.012025022887
0.237306067386 0.043363041619 -0.012026584449
0.238058768573 0.043362593248 -0.012027978205
0.239492245990 0.043361805924 -0.012030356702
0.240634002509 0.043360557733 -0.012032194166
0.241910236391 0.043360513004 -0.012034868270
0.243101298440 0.043359683722 -0.012035526766
0.244468262902 0.043359770632 -0.012035823787
0.245585340934 0.043359659399 -0.012035878356
0.247027174650 0.043359408747 -0.012035699499
0.248040259202 0.043359732320 -0.012035476610
0.249615188550 0.043358560498 -0.012035348589
0.251300430441 0.043360156142 -0.012036720553
0.252331082086 0.043357172326 -0.012037744704
0.254140833860 0.043359773489 -0.012038200980
0.255073587470 0.043357370803 -0.012037894057
0.256659956598 0.043357749433 -0.012037871961
0.257971987303 0.043357578628 -0.012039267100
0.259922881096 0.043358712740 -0.012041274334
0.260948785901 0.043358091556 -0.012042336149
0.262093973110 0.043358209636 -0.012041804648
0.264161849848 0.043358168322 -0.012041304577
0.265345403165 0.043358080698 -0.012041398457
0.267391539963 0.043357760256 -0.012041453206
0.268639617461 0.043357809278 -0.012040884381
0.270625164894 0.043358051376 -0.012038972840
0.271955701209 0.043357770378 -0.012039657836
0.273909305326 0.043357008313 -0.012041388426
0.275306327131 0.043356763904 -0.012041890409
0.277197230666 0.043357436694 -0.012039416619
0.278599423893 0.043357719097 -0.012038379712
0.280487140922 0.043357766132 -0.012038201934
0.281890099983 0.043357478371 -0.012039256964
0.283779901212 0.043357021688 -0.012040927249
0.285180120536 0.043356773623 -0.012041835345
0.287071430701 0.043356919822 -0.012041298962
0.288471989528 0.043357004134 -0.012040989634
0.290362371486 0.043357115040 -0.012040582737
0.291763212313 0.043356938258 -0.012041231325
0.293654809516 0.043356623536 -0.012042385993
0.295053548767 0.043356465859 -0.012042964485
0.296946081535 0.043356666831 -0.012042227151
0.298345592994 0.043356776743 -0.012041823898
0.300236938513 0.043356900487 -0.012041369901
0.301636852959 0.043356727919 -0.012042003025
0.303529349716 0.043356421287 -0.012043128014
0.304927226433 0.043356272501 -0.012043673888
0.306820570458 0.043356488101 -0.012042882885
0.308219323855 0.043356607783 -0.012042443788
0.310111379876 0.043356743571 -0.012041945604
0.311510643833 0.043356586485 -0.012042521929
0.313403716949 0.043356298371 -0.012043578974
0.314801078797 0.043356159269 -0.012044089320
0.316694883808 0.043356389898 -0.012043243174
0.318093230872 0.043356519618 -0.012042767254
0.319985643126 0.043356668347 -0.012042221588
0.321384595447 0.043356518774 -0.012042770348
0.323277942154 0.043356240597 -0.012043790940
0.324675067517 0.043356108577 -0.012044275300
0.326569074681 0.043356347871 -0.012043397367
0.327967251498 0.043356483560 -0.012042899542
0.329859803858 0.043356640144 -0.012042325061
0.331258645189 0.043356496071 -0.012042853642
0.333152074029 0.043356225630 -0.012043845852
0.334549147025 0.043356099526 -0.012044308506
0.336443173238 0.043356348185 -0.012043396216
0.337841366120 0.043356490615 -0.012042873661
0.339733867527 0.043356656460 -0.012042265200
0.341132792793 0.043356518253 -0.012042772262
0.343026107933 0.043356255597 -0.012043735907
0.344423322279 0.043356134390 -0.012044180597
0.346317188420 0.043356386739 -0.012043254764
0.347715558470 0.043356533320 -0.012042716983
0.349607857485 0.043356706583 -0.012042081304
0.351007038715 0.043356585529 -0.012042525436
0.352900020880 0.043356341042 -0.012043422420
0.354297614985 0.043356223124 -0.012043855045
0.356191131190 0.043356458506 -0.012042991464
0.357589795725 0.043356596620 -0.012042484743
0.359481833270 0.043356763208 -0.012041873558
0.360881240011 0.043356632337 -0.012042353704
0.362774051330 0.043356372594 -0.012043306661
0.364171787541 0.043356256750 -0.012043731676
0.366065008456 0.043356560317 -0.012042617935
0.367464193282 0.043356733445 -0.012041982754
0.369355573293 0.043356927966 -0.012041269086
0.370755728342 0.043356810796 -0.012041698965
0.372647708866 0.043356575185 -0.012042563384
0.374046348648 0.043356468588 -0.012042954474
0.375938735881 0.043356730853 -0.012041992263
0.377338626997 0.043356886853 -0.012041419921
0.379229349569 0.043357076096 -0.012040725617
0.380630172815 0.043356969138 -0.012041118030
0.382521427512 0.043356749748 -0.012041922940
0.383920855364 0.043356655479 -0.012042268800
0.385812388365 0.043356935761 -0.012041240484
0.387213195843 0.043357102241 -0.012040629696
0.389102957720 0.043357301338 -0.012039899238
0.390504766143 0.043357195754 -0.012040286608
0.392395025374 0.043356979709 -0.012041079246
0.393795467768 0.043356890844 -0.012041405278
0.395685954107 0.043357180454 -0.012040342742
0.397087844546 0.043357354255 -0.012039705093
0.398976485669 0.043357563365 -0.012038937899
0.400379457900 0.043357467516 -0.012039289556
0.402268501267 0.043357265612 -0.012040030309
0.403670213027 0.043357187145 -0.012040318196
0.405559375706 0.043357491260 -0.012039202442
0.406962645698 0.043357676191 -0.012038523957
0.408849849468 0.043357900681 -0.012037700337
0.410254315448 0.043357815318 -0.012038013520
0.412141807700 0.043357629240 -0.012038696215
0.413545132678 0.043357563431 -0.012038937657
0.415432618839 0.043357883920 -0.012037761830
0.416837630645 0.043358082426 -0.012037033542
0.418723020151 0.043358326571 -0.012036137810
0.420129400142 0.043358267303 -0.012036355256
0.422014831204 0.043358122634 -0.012036886025
0.423420361724 0.043358081624 -0.012037036484
0.425305594563 0.043358399230 -0.012035871237
0.426712859268 0.043358600425 -0.012035133082
0.428595970981 0.043358853298 -0.012034205327
0.430004620585 0.043358781550 -0.012034468560
0.431887865350 0.043358611148 -0.012035093740
0.433295523974 0.043358569180 -0.012035247713
0.435178447886 0.043358970679 -0.012033774675
0.436588312276 0.043359221339 -0.012032855039
0.438468609181 0.043359523415 -0.012031746769
0.439880280542 0.043359497383 -0.012031842276
0.441760257490 0.043359394122 -0.012032221125
0.443171408622 0.043359388070 -0.012032243330
0.445050774688 0.043359783621 -0.012030792112
0.446464204361 0.043360043640 -0.012029838141
0.448340850884 0.043360375388 -0.012028621005
0.449756301849 0.043360378952 -0.012028607931
0.451632333042 0.043360322301 -0.012028815773
0.453047622107 0.043360357782 -0.012028685600
0.454922634032 0.043360810965 -0.012027022938
0.456340636339 0.043361113565 -0.012025912743
0.458212502203 0.043361498145 -0.012024501778
0.459632933816 0.043361540604 -0.012024346002
0.461503763669 0.043361546280 -0.012024325178
0.462924510444 0.043361637020 -0.012023992266
0.464793791274 0.043362160334 -0.012022072306
0.466217799902 0.043362519038 -0.012020756273
0.468083375009 0.043362977972 -0.012019072513
0.469510383041 0.043363077097 -0.012018708837
0.471374340374 0.043363161916 -0.012018397649
0.472802281704 0.043363321217 -0.012017813198
0.474663991354 0.043363948711 -0.012015511013
0.476095988607 0.043364394699 -0.012013874752
0.477953126388 0.043364972150 -0.012011756171
0.479389083280 0.043365187377 -0.012010966534
0.481243457278 0.043365447100 -0.012010013650
0.482681626895 0.043365727308 -0.012008985605
0.484532840857 0.043366356541 -0.012006677045
0.485975317185 0.043366793170 -0.012005075117
0.487822095998 0.043367324891 -0.012003124313
0.489269156891 0.043367927563 -0.012000913199
0.491109939869 0.043368940529 -0.011997196775
0.492564231763 0.043369628473 -0.011994672813
0.494399459027 0.043369787786 -0.011994088317
0.495856433370 0.043370011540 -0.011993267395
0.497689299597 0.043370487625 -0.011991520711
0.499072346821 0.043371693506 -0.011988757826
0.501065290902 0.043374298469 -0.011984844409
0.502132586774 0.043374572986 -0.011983255668
0.503301533949 0.043374908151 -0.011979898185
0.505160704191 0.043375594957 -0.011973357763
0.506619724770 0.043377475967 -0.011967057112
0.508307697000 0.043378222423 -0.011962792659
0.510220434073 0.043380577699 -0.011956701115
0.511694283187 0.043382644562 -0.011949725560
0.513658918581 0.043387001249 -0.011940085414
0.514535333206 0.043386584698 -0.011936885243
0.515668913200 0.043387171702 -0.011932797362
0.517167103759 0.043390968955 -0.011925655463
0.518609471891 0.043393028843 -0.011914379406
0.519817016187 0.043395730346 -0.011902404289
0.521516246846 0.043402903018 -0.011880982463
0.522649151228 0.043404368382 -0.011863669229
0.523979118049 0.043413863072 -0.011839363734
0.524750000000 0.042789292854 -0.011629369864
0.524750000000 0.041795441471 -0.011304595146
0.524750000000 0.040959503264 -0.011028385373
0.524750000000 0.040284317549 -0.010800069517
0.524750000000 0.039159877470 -0.010424104866
0.524750000000 0.038024863749 -0.010038783614
0.524750000000 0.037513415758 -0.009862067368
0.524750000000 0.037001676460 -0.009675668510
0.524750000000 0.036179639131 -0.009361940951
0.524750000000 0.035398710512 -0.009047639199
0.524750000000 0.034856155610 -0.008825261277
0.524750000000 0.034292014825 -0.008595274241
0.523978038500 0.033978928917 -0.008377535281
0.522858588584 0.034009042925 -0.008267789757
0.521549785058 0.034035048675 -0.008148993943
0.519894456998 0.034066470204 -0.008028925727
0.519000209520 0.034076268146 -0.007975950880
0.517341174371 0.034095944106 -0.007901547862
0.516435730892 0.034101974099 -0.007867539482
0.515167948734 0.034111949551 -0.007823661787
0.513872703904 0.034121676870 -0.007780959853
0.512645135155 0.034132210995 -0.007744579645
0.511305736930 0.034138234531 -0.007707744261
0.510002076746 0.034145519341 -0.007676280313
0.508464628397 0.034152524538 -0.007643674925
0.506521491071 0.034162395325 -0.007606557621
0.505380305325 0.034167915171 -0.007586357528
0.504245765370 0.034170952114 -0.007568373176
0.502305357191 0.034175685224 -0.007540274787
0.500844340481 0.034179577369 -0.007522419398
0.499187689045 0.034183103911 -0.007501924260
0.497448218850 0.034187995592 -0.007483039507
0.496060732556 0.034191497689 -0.007468095975
0.494035681111 0.034197534855 -0.007447883461
0.492932112072 0.034200083759 -0.007437236254
0.491762045167 0.034201560811 -0.007426488392
0.489753490428 0.034204397920 -0.007409044837
0.488429211365 0.034205950525 -0.007401585309
0.486472353939 0.034208041451 -0.007391539402
0.485128245012 0.034209369678 -0.007385157906
0.483190031508 0.034211262593 -0.007376063349
0.481828141131 0.034212481649 -0.007370206363
0.479907325193 0.034214347009 -0.007361244199
0.478528561679 0.034215406838 -0.007356152223
0.476622667919 0.034216736563 -0.007349763527
0.475231043626 0.034217597831 -0.007345625546
0.473336895267 0.034218728860 -0.007340191490
0.471934461812 0.034219455369 -0.007336700960
0.470050758515 0.034220591477 -0.007331242499
0.468638121765 0.034221226798 -0.007328190084
0.466763259130 0.034221968774 -0.007324625244
0.465343266356 0.034222469453 -0.007322219719
0.463475129370 0.034223121554 -0.007319086686
0.462048844414 0.034223557722 -0.007316991105
0.460187084058 0.034224304411 -0.007313403620
0.458754322639 0.034224681548 -0.007311591655
0.456897906347 0.034225083948 -0.007309658315
0.455461039573 0.034225364191 -0.007308311882
0.453608378210 0.034225738676 -0.007306512658
0.452167892253 0.034225998486 -0.007305264396
0.450319170179 0.034226507415 -0.007302819235
0.448874476406 0.034226728420 -0.007301757409
0.447029007897 0.034226936283 -0.007300758727
0.445582109461 0.034227084774 -0.007300045302
0.443738651763 0.034227296109 -0.007299029938
0.442289724123 0.034227447678 -0.007298301721
0.440448785123 0.034227830274 -0.007296463525
0.438996941792 0.034227951976 -0.007295878805
0.437157992270 0.034228034556 -0.007295482050
0.435705159451 0.034228100115 -0.007295167070
0.433867136421 0.034228216401 -0.007294608371
0.432413207463 0.034228308675 -0.007294165037
0.430576810005 0.034228586811 -0.007292828729
0.429120858660 0.034228658567 -0.007292483974
0.427285736201 0.034228691028 -0.007292328015
0.425829324340 0.034228718369 -0.007292196652
0.423994625867 0.034228782234 -0.007291889811
0.422537631825 0.034228834515 -0.007291638629
0.420704094125 0.034229079514 -0.007290461522
0.419245488264 0.034229111306 -0.007290308776
0.417412752357 0.034229088292 -0.007290419347
0.415954210955 0.034229079571 -0.007290461252
0.414121433355 0.034229105179 -0.007290338216
0.412662688524 0.034229135138 -0.007290194276
0.410830751647 0.034229349046 -0.007289166549
0.409370685093 0.034229362021 -0.007289104213
0.407539299854 0.034229318637 -0.007289312650
0.406079506318 0.034229295191 -0.007289425299
0.404247889325 0.034229302925 -0.007289388139
0.402788069660 0.034229320209 -0.007289305097
0.400957127585 0.034229518288 -0.007288353422
0.399496142408 0.034229519959 -0.007288345392
0.397665605214 0.034229462742 -0.007288620296
0.396205030501 0.034229429313 -0.007288780905
0.394374132690 0.034229424949 -0.007288801871
0.392913651831 0.034229433679 -0.007288759931
0.391083319073 0.034229621836 -0.007287855926
0.389621770912 0.034229616927 -0.007287879511
0.387791757116 0.034229552190 -0.007288190540
0.386330694200 0.034229513745 -0.007288375248
0.384500255122 0.034229503901 -0.007288422544
0.383039340351 0.034229509270 -0.007288396749
0.381209418942 0.034229692752 -0.007287515209
0.379747486926 0.034229682726 -0.007287563376
0.377917822326 0.034229610762 -0.007287909130
0.376456446569 0.034229566596 -0.007288121324
0.374626283483 0.034229549349 -0.007288204191
0.373165129905 0.034229548877 -0.007288206457
0.371335445274 0.034229737476 -0.007287300327
0.369873275643 0.034229722631 -0.007287371651
0.368043813161 0.034229642844 -0.007287754992
0.366582265098 0.034229595883 -0.007287980614
0.364752270708 0.034229580145 -0.007288056230
0.363290931094 0.034229584340 -0.007288036073
0.361461380019 0.034229749581 -0.007287242170
0.359999132674 0.034229738205 -0.007287296825
0.358169795407 0.034229671867 -0.007287615549
0.356708067398 0.034229630951 -0.007287812131
0.354878271044 0.034229615611 -0.007287885833
0.353416744543 0.034229615437 -0.007287886669
0.351587401542 0.034229792593 -0.007287035517
0.350124939187 0.034229771772 -0.007287135552
0.348295737801 0.034229686696 -0.007287544303
0.346833954702 0.034229635743 -0.007287789108
0.345004166590 0.034229613754 -0.007287894752
0.343542651556 0.034229613209 -0.007287897372
0.341713287702 0.034229787394 -0.007287060498
0.340250850801 0.034229767906 -0.007287154127
0.338421636377 0.034229685919 -0.007287548038
0.336959854371 0.034229636131 -0.007287787245
0.335130068471 0.034229614154 -0.007287892831
0.333668554823 0.034229612316 -0.007287901664
0.331839181904 0.034229785059 -0.007287071717
0.330376759734 0.034229764995 -0.007287168116
0.328547526542 0.034229682146 -0.007287566166
0.327085767800 0.034229631618 -0.007287808926
0.325255953535 0.034229608564 -0.007287919687
0.323794473837 0.034229605814 -0.007287932904
0.321965059964 0.034229776974 -0.007287110560
0.320502687085 0.034229755523 -0.007287213622
0.318673395329 0.034229670759 -0.007287620875
0.317211704904 0.034229618673 -0.007287871120
0.315381811881 0.034229593459 -0.007287992263
0.313920421939 0.034229588952 -0.007288013918
0.312090905603 0.034229757343 -0.007287204879
0.310628649876 0.034229733429 -0.007287319772
0.308799223177 0.034229644791 -0.007287745638
0.307337688159 0.034229589291 -0.007288012288
0.305507615533 0.034229558873 -0.007288158432
0.304046432384 0.034229549885 -0.007288201613
0.302216683729 0.034229713665 -0.007287414729
0.300754679360 0.034229687582 -0.007287540046
0.298924987823 0.034229596312 -0.007287978555
0.297463729999 0.034229539043 -0.007288253707
0.295633368494 0.034229506233 -0.007288411344
0.294172485411 0.034229495653 -0.007288462175
0.292342417699 0.034229654261 -0.007287700136
0.290880752536 0.034229626173 -0.007287835088
0.289050709033 0.034229532363 -0.007288285798
0.287589811718 0.034229474591 -0.007288563367
0.285759081839 0.034229439483 -0.007288732044
0.284298574501 0.034229428576 -0.007288784447
0.282467989288 0.034229537023 -0.007288263410
0.281007415558 0.034229442367 -0.007288720739
0.279176078263 0.034229232049 -0.007289738800
0.277717849618 0.034229064184 -0.007290545516
0.275883997008 0.034228851933 -0.007291572960
0.274428292059 0.034228683053 -0.007292384641
0.272591338501 0.034228178530 -0.007294813938
0.271155315702 0.034228195174 -0.007295035440
0.269306773604 0.034228449076 -0.007294707081
0.267912302388 0.034228489246 -0.007294645333
0.266022676793 0.034228628923 -0.007294960220
0.264669937732 0.034228591026 -0.007295370358
0.262754244976 0.034228703429 -0.007295453690
0.261542491937 0.034229836584 -0.007296106264
0.260513827913 0.034230162486 -0.007296848247
0.258638366694 0.034227613570 -0.007298120689
0.257137132384 0.034227960473 -0.007299106279
0.255733961084 0.034227789782 -0.007299935206
0.254022666111 0.034230011158 -0.007300905561
0.252929539712 0.034228499111 -0.007300596798
0.251663091207 0.034228519549 -0.007300271677
0.250339245508 0.034228184258 -0.007300572249
0.249020887228 0.034229756874 -0.007301544066
0.247749939151 0.034227680982 -0.007302916789
0.246432635359 0.034227431032 -0.007304999454
0.245196150046 0.034228200410 -0.007306050561
0.244080285125 0.034227783651 -0.007306638971
0.242954996379 0.034227089020 -0.007307659161
0.242177328425 0.034228411025 -0.007308284051
0.240911692610 0.034226381864 -0.007309181959
0.239637804108 0.034227612343 -0.007309926619
0.239070278187 0.034226026940 -0.007310746548
0.238365689120 0.034227465991 -0.007311745108
0.237632701861 0.034225632430 -0.007312613003
0.237051926847 0.034227239828 -0.007313184151
0.236195013727 0.034225531113 -0.007313828786
0.235702255261 0.034227143772 -0.007314092343
0.234517065371 0.034226511893 -0.007316362619
0.233987599831 0.034226218421 -0.007317533274
0.233066654191 0.034225657854 -0.007319686532
0.232510305120 0.034225333505 -0.007321053725
0.231616111746 0.034224748686 -0.007323366658
0.231033258950 0.034224390347 -0.007324942845
0.230504693731 0.034224549239 -0.007326334299
0.229758707366 0.034224036767 -0.007328863292
0.229372931242 0.034223735599 -0.007330330619
0.228618153989 0.034223081317 -0.007333508201
0.228240450038 0.034222696169 -0.007335253199
0.227857952585 0.034222283773 -0.007337124197
0.227467911819 0.034221857245 -0.007339132170
0.226860886482 0.034220869839 -0.007342752342
0.226425094087 0.034219846529 -0.007348263862
0.226053646040 0.034218302525 -0.007354590919
0.225654697476 0.034216583900 -0.007363334835
0.225263411510 0.034214219314 -0.007373385035
0.225000000000 0.034212590996 -0.007381227932
