0.523680803502 0.000000000000 -0.045000000000
0.523835856220 0.000962827148 -0.044988433895
0.524376650460 0.002072374650 -0.044951739225
0.524750000000 0.003193515937 -0.044593869091
0.524750000000 0.004706036358 -0.043450882683
0.524750000000 0.005549422791 -0.042725878204
0.524750000000 0.006322922242 -0.042001359270
0.524750000000 0.007746653086 -0.040597664285
0.524750000000 0.008508866606 -0.039698979611
0.524750000000 0.009430577844 -0.038498170360
0.524750000000 0.010203478423 -0.037416661308
0.524750000000 0.010652857589 -0.036810114780
0.524750000000 0.011099550285 -0.036181198437
0.524750000000 0.011762701350 -0.035257576551
0.524750000000 0.012464709595 -0.034221754438
0.524750000000 0.013008044515 -0.033385721415
0.524750000000 0.013697511503 -0.032205970834
0.524037874688 0.014457049951 -0.031874065110
0.523022971442 0.015354620432 -0.031447800423
0.521842234600 0.016192242783 -0.031028454690
0.520401941707 0.016943653512 -0.030621101476
0.518868860177 0.017550645112 -0.030280899411
0.517764828911 0.017880527373 -0.030086791616
0.516170353090 0.018243419547 -0.029869001209
0.514900949373 0.018508261687 -0.029702220639
0.513456499864 0.018783164989 -0.029530689284
0.511922445988 0.019041458096 -0.029363849599
0.510298342267 0.019281426968 -0.029209553625
0.508946760487 0.019448159533 -0.029095041282
0.507913287822 0.019568418727 -0.029017689128
0.506129967840 0.019747441963 -0.028893628738
0.504820090476 0.019867907341 -0.028810141859
0.503373710775 0.019992959351 -0.028723476611
0.501775145325 0.020117808913 -0.028636943776
0.500610641146 0.020202237409 -0.028578426579
0.499594188294 0.020270514872 -0.028531471579
0.497898711379 0.020367719618 -0.028458955750
0.496119980255 0.020469476706 -0.028390037930
0.495333630387 0.020504910096 -0.028361845013
0.494008741837 0.020568200203 -0.028317283059
0.493026001138 0.020610784139 -0.028286628339
0.491898583270 0.020653690324 -0.028253580047
0.490233128040 0.020715633586 -0.028207569613
0.488632022714 0.020771652580 -0.028166820912
0.486989156553 0.020822392193 -0.028128792864
0.485268960573 0.020871133247 -0.028093264513
0.483758116449 0.020908001199 -0.028065526106
0.481897778997 0.020954341948 -0.028031582702
0.480494205837 0.020989436314 -0.028005216108
0.478505981742 0.021027747132 -0.027976977688
0.477154446753 0.021051049019 -0.027959460029
0.475077257046 0.021083731674 -0.027935462766
0.473822331335 0.021101096775 -0.027922553025
0.471583252027 0.021134968401 -0.027898101767
0.470453396908 0.021151556764 -0.027884755585
0.469277912410 0.021164921074 -0.027874796824
0.467130534402 0.021186353034 -0.027858639339
0.465979961050 0.021196621637 -0.027850893648
0.463813615191 0.021213673092 -0.027837971913
0.462674976603 0.021221579683 -0.027831969349
0.460803464244 0.021241234280 -0.027817310278
0.459416078586 0.021250853493 -0.027809786339
0.458297834862 0.021257266842 -0.027804769080
0.456145101020 0.021268145592 -0.027796257601
0.454996560929 0.021273197807 -0.027792304944
0.452869289090 0.021281069878 -0.027786144581
0.451695051543 0.021289363397 -0.027779661358
0.449599019786 0.021300162952 -0.027771219335
0.448394247024 0.021304119671 -0.027768126610
0.446318138894 0.021309828229 -0.027763664990
0.445097405672 0.021312649726 -0.027761459682
0.443033720928 0.021316299248 -0.027758607681
0.441799670298 0.021322597457 -0.027753683886
0.439757449718 0.021329680746 -0.027748144786
0.438502497011 0.021331923465 -0.027746390245
0.436472470638 0.021334670526 -0.027744239197
0.435208729811 0.021336001916 -0.027743197172
0.433184818452 0.021337246122 -0.027742221034
0.431913505698 0.021342258930 -0.027738302837
0.429907299154 0.021347209127 -0.027734418760
0.428619631226 0.021348369535 -0.027733501421
0.426626645983 0.021349387331 -0.027732673792
0.425329287771 0.021349772700 -0.027732362874
0.423343789788 0.021349576943 -0.027732484044
0.422036627613 0.021353811076 -0.027729180666
0.420063671787 0.021357538411 -0.027726260090
0.418743499824 0.021358077964 -0.027725832940
0.416778627984 0.021358162076 -0.027725746660
0.415453490600 0.021357987457 -0.027725877519
0.413491604219 0.021357004800 -0.027726624402
0.412161237843 0.021360743478 -0.027723708359
0.410206691108 0.021363753322 -0.027721364677
0.408867112862 0.021363902880 -0.027721251790
0.406910622055 0.021363467364 -0.027721607524
0.405575341318 0.021362952836 -0.027722013411
0.403612722974 0.021361539822 -0.027723132857
0.402282021946 0.021364963035 -0.027720456516
0.400324824984 0.021367556006 -0.027718444165
0.398987586083 0.021367438785 -0.027718543775
0.397023711205 0.021366663875 -0.027719180889
0.395695161048 0.021365940131 -0.027719755060
0.393720914943 0.021364260205 -0.027721100327
0.392401454827 0.021367503183 -0.027718560709
0.390442108187 0.021369833806 -0.027716706916
0.389112359201 0.021369539642 -0.027716917557
0.387170100883 0.021368450698 -0.027717694209
0.385827084342 0.021367572540 -0.027718362701
0.383896514144 0.021365642824 -0.027719796862
0.382538153733 0.021368821707 -0.027717329642
0.380615751961 0.021371018411 -0.027715603769
0.379247113957 0.021370722610 -0.027715828801
0.377331728019 0.021369678813 -0.027716614040
0.375959015746 0.021368792396 -0.027717299918
0.374046120590 0.021366923187 -0.027718728796
0.372696295468 0.021369604099 -0.027716224258
0.370957780151 0.021370401214 -0.027714951822
0.369423105314 0.021369937768 -0.027715317101
0.367674152745 0.021368749077 -0.027716215613
0.366135435429 0.021367653284 -0.027717070973
0.364389253429 0.021365746072 -0.027718525964
0.362844876168 0.021369328087 -0.027715759293
0.361115833979 0.021371094416 -0.027714367632
0.359557594868 0.021370588463 -0.027714781301
0.357847459047 0.021369334208 -0.027715699173
0.356273581363 0.021368205714 -0.027716597174
0.354577872592 0.021366290393 -0.027718028234
0.352985291819 0.021369877106 -0.027715289677
0.351339189222 0.021371558857 -0.027713967095
0.349717693198 0.021371353978 -0.027714332314
0.348171122866 0.021370205212 -0.027715094403
0.346457508098 0.021369412376 -0.027716006774
0.345002043892 0.021367866914 -0.027717164605
0.343184487969 0.021371685669 -0.027714498147
0.341735346790 0.021372651834 -0.027713737233
0.339888121261 0.021372057658 -0.027714123803
0.338419905107 0.021371108739 -0.027714848903
0.336593044632 0.021369702955 -0.027715860429
0.335102942014 0.021368066826 -0.027717115948
0.333296865330 0.021371374396 -0.027714539477
0.331814870734 0.021372443692 -0.027713736582
0.330008057366 0.021371905404 -0.027714190355
0.328536705433 0.021370887118 -0.027714968491
0.326721602174 0.021369557296 -0.027716028602
0.325257111599 0.021367905937 -0.027717291393
0.323431391165 0.021371255444 -0.027714759469
0.321930509344 0.021371944589 -0.027714113318
0.320114183707 0.021370785189 -0.027714677959
0.318508250968 0.021369654007 -0.027715652784
0.316795460689 0.021367924243 -0.027716764715
0.315084608159 0.021366091566 -0.027718390437
0.313483926857 0.021369181743 -0.027715829233
0.311825365793 0.021370675709 -0.027714639933
0.310216919606 0.021370276307 -0.027715163497
0.308666713195 0.021368903666 -0.027716078893
0.306957720475 0.021367934756 -0.027717154110
0.305507102335 0.021366216409 -0.027718444364
0.303684616125 0.021369821163 -0.027715964508
0.302244518109 0.021370611846 -0.027715364397
0.300387287432 0.021369819306 -0.027715962963
0.298943130871 0.021368656515 -0.027716850906
0.297091463486 0.021366976929 -0.027718127351
0.295640122229 0.021365106440 -0.027719556212
0.293790571018 0.021367978393 -0.027717312005
0.292324177335 0.021368629387 -0.027716874988
0.290482600591 0.021367408988 -0.027717842008
0.289021525991 0.021365751686 -0.027719109831
0.287176490411 0.021363398254 -0.027720942707
0.285716764367 0.021360844171 -0.027722895403
0.283872050541 0.021364196739 -0.027720479109
0.282458156052 0.021365206568 -0.027719637318
0.280535425598 0.021365359979 -0.027719606092
0.279136510352 0.021364940318 -0.027719941893
0.277195876822 0.021364567346 -0.027720314917
0.275813984508 0.021363785345 -0.027720929462
0.273844372840 0.021366616674 -0.027718856297
0.272453778933 0.021364298484 -0.027720682532
0.270419935399 0.021360042066 -0.027724102929
0.269050451048 0.021357884614 -0.027725795170
0.266989026352 0.021355747952 -0.027727612243
0.265650712617 0.021355054306 -0.027728203368
0.263565139594 0.021345887010 -0.027736081416
0.262235025595 0.021344814569 -0.027736973190
0.259779762927 0.021343399209 -0.027738420181
0.258488913332 0.021342156472 -0.027739541951
0.256229701380 0.021339199341 -0.027742124512
0.254740145881 0.021336272582 -0.027744193535
0.253461068057 0.021333417910 -0.027746251954
0.251600817458 0.021328022060 -0.027745725154
0.250632337409 0.021330968459 -0.027748450848
0.248636923416 0.021323233228 -0.027754474509
0.246664125307 0.021316287740 -0.027759587997
0.245555057061 0.021308440717 -0.027762071043
0.244370856731 0.021309705849 -0.027764465226
0.242759065633 0.021302804437 -0.027768805332
0.241456426978 0.021297221310 -0.027773776596
0.240532180467 0.021288790379 -0.027777400840
0.239563674233 0.021287299332 -0.027781354403
0.238293238283 0.021278473811 -0.027787103438
0.237277437344 0.021271344644 -0.027793465399
0.236094050100 0.021263603135 -0.027799936652
0.234892679759 0.021255557849 -0.027806114876
0.234136494428 0.021246296041 -0.027811145486
0.233262185456 0.021240319336 -0.027817625031
0.232099562415 0.021227100836 -0.027826565456
0.231075025286 0.021217375053 -0.027834903115
0.230090656943 0.021201992638 -0.027845477765
0.229085546936 0.021180736183 -0.027862823527
0.228136173351 0.021151095143 -0.027883919212
0.227253762976 0.021120200322 -0.027908900166
0.226235942998 0.021066994766 -0.027948732332
0.225029915661 0.020991039130 -0.028006473815
0.225000000000 0.020766416601 -0.028792088426
0.225000000000 0.020541204176 -0.029516515313
0.225000000000 0.020228825849 -0.030380167106
0.225000000000 0.019990601691 -0.030982848012
0.225000000000 0.019604728080 -0.031829644076
0.225000000000 0.019339945862 -0.032365413035
0.225000000000 0.019069122193 -0.032878973542
0.225000000000 0.018602380191 -0.033710323358
0.225000000000 0.018143409570 -0.034451843579
0.225000000000 0.017764179581 -0.035032485666
0.225000000000 0.017374242507 -0.035579924819
0.225000000000 0.016825565220 -0.036308953418
0.225000000000 0.016469868000 -0.036749370645
0.225000000000 0.015856824399 -0.037460461886
0.225000000000 0.015322288805 -0.038023911495
0.225000000000 0.014808864598 -0.038533505148
0.225000000000 0.014138298173 -0.039138818126
0.225000000000 0.013630623159 -0.039569111110
0.225000000000 0.012872479234 -0.040163972850
0.225000000000 0.012382413795 -0.040526581493
0.225000000000 0.011942402298 -0.040833495545
0.225000000000 0.011091238573 -0.041379419939
0.225000000000 0.010584120095 -0.041676753440
0.225000000000 0.009974947052 -0.042021776705
0.225000000000 0.009427570872 -0.042302922345
0.225000000000 0.008941414527 -0.042536923668
0.225000000000 0.008512086614 -0.042731901731
0.225000000000 0.008178083590 -0.042876687797
0.225000000000 0.007631869169 -0.043099903622
0.225000000000 0.007236031641 -0.043252127877
0.225000000000 0.006841353592 -0.043393925250
0.225000000000 0.006458468193 -0.043522468047
0.225000000000 0.006064138403 -0.043642812028
0.225000000000 0.005722971657 -0.043745616483
0.225000000000 0.005466737223 -0.043818602451
0.225000000000 0.005265710736 -0.043873177040
0.225000000000 0.005042390625 -0.043933010373
0.225000000000 0.004679835947 -0.044023132755
0.225000000000 0.004366057222 -0.044093996130
0.225000000000 0.004076497426 -0.044154218978
0.225000000000 0.003769026122 -0.044215267525
0.225000000000 0.003457371889 -0.044271834056
0.225000000000 0.003255358920 -0.044306645649
0.225000000000 0.003101461461 -0.044331461430
0.225000000000 0.002932734650 -0.044356673944
0.225000000000 0.002672540545 -0.044391572400
0.225000000000 0.002533562474 -0.044411205633
0.225000000000 0.002391322828 -0.044431447213
0.225000000000 0.002260638728 -0.044448891054
0.225000000000 0.002113105908 -0.044466982276
0.225000000000 0.001989088614 -0.044481201625
0.225000000000 0.001813032968 -0.044497134148
0.225000000000 0.001722731556 -0.044505140190
0.225000000000 0.001613713813 -0.044514968067
0.225000000000 0.001534667261 -0.044521819237
0.225000000000 0.001424439698 -0.044530911555
0.225000000000 0.001347440693 -0.044536991185
0.225000000000 0.001224393963 -0.044548218833
0.225000000000 0.001144449028 -0.044554032974
0.225000000000 0.001076387153 -0.044558072340
0.225000000000 0.000978785697 -0.044563301267
0.225000000000 0.000913356221 -0.044566545098
0.225000000000 0.000802759510 -0.044571517745
0.225000000000 0.000698031403 -0.044575339136
0.225000000000 0.000632535308 -0.044577880551
0.225000000000 0.000546246231 -0.044581399976
0.225000000000 0.000503944092 -0.044583026859
0.225000000000 0.000446722988 -0.044584886915
0.225000000000 0.000381238078 -0.044586600238
0.225000000000 0.000317545797 -0.044587756414
0.225000000000 0.000267369022 -0.044588596091
0.225000000000 0.000221803653 -0.044589273545
0.225000000000 0.000170691844 -0.044589914006
0.225000000000 0.000128918120 -0.044590302587
0.225000000000 0.000074119014 -0.044590695691
0.225000000000 0.000010031246 -0.044590862885
0.225000000000 0.000000000000 -0.044590882469
