0.225000000000 0.034718353624 0.004430940355
0.225000000000 0.035031028359 0.004509524752
0.225000000000 0.035338782174 0.004588187459
0.225000000000 0.035635640905 0.004663864875
0.225000000000 0.035961268425 0.004748351967
0.225000000000 0.036238455335 0.004820142998
0.225000000000 0.036597486454 0.004914833644
0.225000000000 0.036980932387 0.005016400850
0.225000000000 0.037175153162 0.005068262902
0.225000000000 0.037402025617 0.005128856619
0.225000000000 0.037755185150 0.005224464098
0.225000000000 0.038032527953 0.005299442057
0.225000000000 0.038335537059 0.005382911160
0.225000000000 0.038640185093 0.005466756989
0.225000000000 0.038914906842 0.005542850621
0.225000000000 0.039091460840 0.005592318652
0.225000000000 0.039437155088 0.005689551610
0.225000000000 0.039661004732 0.005752834980
0.225000000000 0.039958622184 0.005838058726
0.225000000000 0.040341839493 0.005948426977
0.225000000000 0.040643424377 0.006035121058
0.225000000000 0.041071486942 0.006159870586
0.225000000000 0.041327237068 0.006234471252
0.225000000000 0.041746731301 0.006358166036
0.225000000000 0.042013342494 0.006437876068
0.225000000000 0.042335140167 0.006534214361
0.225000000000 0.042790026197 0.006671269411
0.225000000000 0.043132218462 0.006774951337
0.225000000000 0.043605454459 0.006920440239
0.225000000000 0.044075286175 0.007065563249
0.225000000000 0.044424112568 0.007175021219
0.225416732524 0.044423020930 0.007182600264
0.225819491196 0.044421846533 0.007189009395
0.226208789145 0.044421175524 0.007194045526
0.226638982392 0.044420334410 0.007198584594
0.227075154751 0.044419913029 0.007201809624
0.227491576997 0.044419287252 0.007204413741
0.228171282333 0.044418938938 0.007206976085
0.228619962530 0.044418717689 0.007208482722
0.229343920882 0.044418459863 0.007210597647
0.229747996773 0.044418338217 0.007211610727
0.230125920628 0.044418241943 0.007212448622
0.230850105886 0.044417976520 0.007213749496
0.231337279366 0.044417812857 0.007214455101
0.231909967084 0.044417669532 0.007215239956
0.232784532073 0.044417432308 0.007216429929
0.233413799383 0.044417293161 0.007217258783
0.234231702674 0.044417085697 0.007218332432
0.234917689940 0.044416951450 0.007219200609
0.235511377175 0.044416797508 0.007219800342
0.236279963010 0.044415460072 0.007220376610
0.236798612453 0.044416732251 0.007220682404
0.237725048478 0.044415995767 0.007221156127
0.238411851544 0.044416209965 0.007221402579
0.239170100489 0.044416383323 0.007221595553
0.240119798166 0.044415897363 0.007221963957
0.240983129868 0.044416555813 0.007222428712
0.241860838168 0.044415706905 0.007222914063
0.242980175542 0.044415117177 0.007223446106
0.243787431863 0.044416327382 0.007223783543
0.245113771951 0.044414218651 0.007224539557
0.246777166774 0.044415720474 0.007225840216
0.247685061571 0.044415048661 0.007226759283
0.248825355110 0.044414457258 0.007227794312
0.250273526627 0.044413576362 0.007228913883
0.251898710838 0.044414817505 0.007229873566
0.252851125932 0.044414912411 0.007230155106
0.253914611387 0.044414028653 0.007230008612
0.255648277892 0.044412744979 0.007230977462
0.257242646787 0.044413313859 0.007231424341
0.258577443463 0.044413466586 0.007231492971
0.260221829919 0.044415082130 0.007231151483
0.261505857845 0.044413856674 0.007230662451
0.262783066715 0.044413270973 0.007230067071
0.264639106093 0.044413104627 0.007230291927
0.266056455640 0.044412958195 0.007231104118
0.267874186002 0.044412643774 0.007231911031
0.269348427708 0.044412578019 0.007232390737
0.271108802512 0.044412365535 0.007232735542
0.272640418156 0.044412277876 0.007233057295
0.274380747822 0.044412242045 0.007233275526
0.275931402971 0.044412338471 0.007232678274
0.277670497266 0.044412486517 0.007231753035
0.279223419833 0.044412617554 0.007230940876
0.280959984297 0.044412803896 0.007229777864
0.282515563944 0.044412917720 0.007229069635
0.284250256480 0.044413039613 0.007228312535
0.285808288446 0.044413294913 0.007226726824
0.287540055344 0.044413474982 0.007225608387
0.289100449228 0.044413515539 0.007225356477
0.290831486401 0.044413457028 0.007225719902
0.292391348769 0.044413385871 0.007226161869
0.294122771842 0.044413479517 0.007225580217
0.295683003925 0.044413466066 0.007225663767
0.297414288290 0.044413437847 0.007225839037
0.298974101355 0.044413391359 0.007226127784
0.300706055794 0.044413326449 0.007226530950
0.302265156946 0.044413305031 0.007226663980
0.303997176346 0.044413394734 0.007226106819
0.305556849238 0.044413395540 0.007226101813
0.307288597320 0.044413379581 0.007226200939
0.308848015611 0.044413339981 0.007226446900
0.310580325370 0.044413279141 0.007226824791
0.312139090985 0.044413259148 0.007226948967
0.313871423362 0.044413353692 0.007226361742
0.315430812928 0.044413357892 0.007226335650
0.317162818689 0.044413345661 0.007226411618
0.318722003698 0.044413309109 0.007226638650
0.320454523765 0.044413251602 0.007226995838
0.322013100614 0.044413234259 0.007227103556
0.323745602061 0.044413331623 0.007226498812
0.325304840753 0.044413338057 0.007226458849
0.327036980266 0.044413328348 0.007226519153
0.328596048235 0.044413293916 0.007226733019
0.330328669101 0.044413238800 0.007227075355
0.331887161127 0.044413223503 0.007227170365
0.333619730283 0.044413323574 0.007226548805
0.335178920385 0.044413332611 0.007226492677
0.336911087932 0.044413326009 0.007226533685
0.338470148794 0.044413294282 0.007226730747
0.340202755424 0.044413242388 0.007227053069
0.341761282246 0.044413229579 0.007227132625
0.343493803097 0.044413330914 0.007226503216
0.345053048225 0.044413340554 0.007226443343
0.346785152858 0.044413335539 0.007226474489
0.348344290169 0.044413305984 0.007226658063
0.350076800520 0.044413257426 0.007226959665
0.351635445395 0.044413247329 0.007227022379
0.353367849947 0.044413345465 0.007226412836
0.354927176851 0.044413348715 0.007226392652
0.356659239652 0.044413338997 0.007226453015
0.358218396746 0.044413308021 0.007226645410
0.359950889491 0.044413260279 0.007226941946
0.361509568977 0.044413254089 0.007226980390
0.363241853052 0.044413372166 0.007226246994
0.364801476255 0.044413404308 0.007226047356
0.366533056814 0.044413417341 0.007225966406
0.368092812404 0.044413395902 0.007226099566
0.369824667637 0.044413349459 0.007226388031
0.371383969277 0.044413337705 0.007226461040
0.373115675122 0.044413449147 0.007225768850
0.374675810023 0.044413469445 0.007225642780
0.376406964468 0.044413470552 0.007225635902
0.377967076216 0.044413441609 0.007225815669
0.379698627826 0.044413388079 0.007226148154
0.381258197532 0.044413373536 0.007226238482
0.382989653409 0.044413482741 0.007225560194
0.384550019310 0.044413500008 0.007225452944
0.386280945059 0.044413503506 0.007225431221
0.387841317842 0.044413481155 0.007225570045
0.389572537575 0.044413440709 0.007225821265
0.391132532474 0.044413439000 0.007225831880
0.392863491082 0.044413555389 0.007225108968
0.394424402449 0.044413578858 0.007224963196
0.396154736262 0.044413589060 0.007224899830
0.397715744437 0.044413572074 0.007225005334
0.399446288538 0.044413537439 0.007225220457
0.401006995690 0.044413540089 0.007225203996
0.402737210615 0.044413660848 0.007224453941
0.404298896954 0.044413688637 0.007224281337
0.406028423237 0.044413703562 0.007224188637
0.407590269737 0.044413690406 0.007224270350
0.409319946505 0.044413659998 0.007224459224
0.410881548807 0.044413666148 0.007224421024
0.412610841751 0.044413790859 0.007223646421
0.414173478808 0.044413822677 0.007223448792
0.415902019332 0.044413843305 0.007223320670
0.417464893249 0.044413836017 0.007223365941
0.419193493423 0.044413813399 0.007223506421
0.420756224324 0.044413826201 0.007223426904
0.422484361579 0.044413951784 0.007222646887
0.424048147905 0.044413980948 0.007222465746
0.425775547228 0.044414001990 0.007222335053
0.427339576845 0.044413998314 0.007222357885
0.429066981683 0.044413983092 0.007222452431
0.430630970705 0.044414005937 0.007222310538
0.432357726329 0.044414155781 0.007221379831
0.433923094782 0.044414216369 0.007221003508
0.435648702993 0.044414264029 0.007220707482
0.437214670806 0.044414274585 0.007220641915
0.438940058312 0.044414267111 0.007220688343
0.440506096720 0.044414291111 0.007220539272
0.442230810816 0.044414437617 0.007219629300
0.443798166909 0.044414486576 0.007219325204
0.445521844184 0.044414530116 0.007219054769
0.447089747289 0.044414546003 0.007218956096
0.448813127565 0.044414553178 0.007218911532
0.450381292931 0.044414595782 0.007218646912
0.452103747578 0.044414760482 0.007217623930
0.453673499178 0.044414829035 0.007217198134
0.455394633724 0.044414893871 0.007216795431
0.456965218946 0.044414927175 0.007216588571
0.458685785976 0.044414953352 0.007216425984
0.460256891390 0.044415012171 0.007216060645
0.461976295784 0.044415191264 0.007214948273
0.463549187808 0.044415270469 0.007214456313
0.465267068912 0.044415356042 0.007213924808
0.466841074790 0.044415415051 0.007213558293
0.468557994427 0.044415478496 0.007213164222
0.470133006343 0.044415572012 0.007212583383
0.471848244663 0.044415788502 0.007211238727
0.473425587951 0.044415909517 0.007210487078
0.475138805649 0.044416012200 0.007209849300
0.476717511294 0.044416064198 0.007209526330
0.478429885149 0.044416091887 0.007209354351
0.480009336944 0.044416191745 0.007208734112
0.481720359389 0.044416339677 0.007207815281
0.483300462230 0.044416124775 0.007209150075
0.485013033000 0.044415976619 0.007210070300
0.486591144910 0.044415934876 0.007210329571
0.488304407353 0.044415974414 0.007210083995
0.489883269684 0.044416145501 0.007209021340
0.491552896708 0.044416522560 0.007207268744
0.492994982135 0.044416612077 0.007206443757
0.494621763903 0.044416928457 0.007205321603
0.496015951305 0.044417094234 0.007204161409
0.497690225697 0.044417507485 0.007202570111
0.499066466567 0.044417768970 0.007201281857
0.500874206195 0.044417017075 0.007201049973
0.502504292669 0.044417534348 0.007200898351
0.504018931718 0.044417842164 0.007198283309
0.506021337495 0.044420681757 0.007191677748
0.507159366332 0.044421997620 0.007186169961
0.508359484091 0.044421888331 0.007179846356
0.510398182654 0.044422330102 0.007176960914
0.511380637764 0.044422802502 0.007175639237
0.512624160028 0.044422727923 0.007173611790
0.513856325417 0.044423645119 0.007171256510
0.514852147427 0.044424087415 0.007169070943
0.516332792733 0.044423082804 0.007165409416
0.517385703430 0.044426166883 0.007162444302
0.518841150613 0.044425800976 0.007155396504
0.520060729112 0.044427346600 0.007146277697
0.521056969133 0.044429305366 0.007137481096
0.522211442958 0.044430339388 0.007126419574
0.523272787653 0.044433628814 0.007114824824
0.524366532605 0.044434161379 0.007102056862
0.524750000000 0.043806133012 0.006985009832
0.524750000000 0.042797422278 0.006800547795
0.524750000000 0.041957300456 0.006642128321
0.524750000000 0.040906564837 0.006436114049
0.524750000000 0.040158206599 0.006290799863
0.524750000000 0.039354190754 0.006125511840
0.524750000000 0.038355260082 0.005924681825
0.524750000000 0.037470233182 0.005739225583
0.524750000000 0.036942690776 0.005623861378
0.524750000000 0.036016729234 0.005414242922
0.524750000000 0.035391765094 0.005270630628
0.524750000000 0.034628442113 0.005084748232
0.523781313295 0.034637181503 0.005014656038
0.522597513634 0.034646668375 0.004941940587
0.521844492798 0.034654710568 0.004901246235
0.520445027267 0.034660238568 0.004838415000
0.518812952514 0.034669930473 0.004784972031
0.517414816272 0.034675337651 0.004744310903
0.516079124883 0.034679354802 0.004710273311
0.515192806814 0.034683406337 0.004690937607
0.513698495067 0.034685126281 0.004661062288
0.512713734280 0.034690205137 0.004645015330
0.511018756018 0.034691202641 0.004621045904
0.509661609509 0.034693389912 0.004603625844
0.507753157750 0.034696580373 0.004578216097
0.506393107780 0.034698938682 0.004564453947
0.504317765872 0.034703173694 0.004545275144
0.503218449289 0.034704209018 0.004536081714
0.502014181639 0.034704724417 0.004526365553
0.499962650649 0.034706945129 0.004510477298
0.498740072925 0.034708348287 0.004500438298
0.496645330976 0.034711406408 0.004484695954
0.495620765896 0.034711342380 0.004478369157
0.494422494439 0.034711457557 0.004472243489
0.492563836883 0.034711179774 0.004464575781
0.491105115122 0.034711975882 0.004458145149
0.489281273994 0.034713063939 0.004449356286
0.487804725514 0.034713907062 0.004442545891
0.485997036203 0.034714589635 0.004437032354
0.484507559356 0.034715148346 0.004432519318
0.482711975888 0.034715939291 0.004426130398
0.481209730789 0.034716531402 0.004421347576
0.479426842388 0.034717273284 0.004415354963
0.477912179126 0.034717855194 0.004410654544
0.476139692751 0.034718175775 0.004408065019
0.474618187711 0.034718417007 0.004406116454
0.472850869754 0.034718720128 0.004403667971
0.471323810256 0.034719061442 0.004400910978
0.469563064802 0.034719482366 0.004397510932
0.468028881927 0.034719823777 0.004394753156
0.466274199034 0.034720017564 0.004393187825
0.464736041004 0.034720139357 0.004392204030
0.462984015892 0.034720270812 0.004391142190
0.461442965963 0.034720505044 0.004389250164
0.459695074336 0.034720789790 0.004386950106
0.458149173413 0.034721024296 0.004385055870
0.456405049672 0.034721076957 0.004384630496
0.454857406583 0.034721109994 0.004384363632
0.453114092951 0.034721164641 0.004383922221
0.451564973672 0.034721338250 0.004382519876
0.449824514573 0.034721547323 0.004380831072
0.448271820984 0.034721720556 0.004379431774
0.446533910740 0.034721710534 0.004379512726
0.444980557429 0.034721698541 0.004379609596
0.443242525570 0.034721706520 0.004379545152
0.441688508674 0.034721844579 0.004378429967
0.439952574975 0.034722009539 0.004377097489
0.438395730014 0.034722146833 0.004375988483
0.436661597864 0.034722092859 0.004376424464
0.435104817911 0.034722049600 0.004376773893
0.433369925788 0.034722027440 0.004376952892
0.431813074456 0.034722130296 0.004376122066
0.430079616069 0.034722253598 0.004375126082
0.428520648742 0.034722357011 0.004374290753
0.426788429044 0.034722291992 0.004374815955
0.425229830739 0.034722239638 0.004375238843
0.423496656088 0.034722204982 0.004375518784
0.421938166573 0.034722303364 0.004374724091
0.420206297320 0.034722420642 0.004373776770
0.418645793498 0.034722518814 0.004372983778
0.416914983525 0.034722431904 0.004373685802
0.415355145388 0.034722365080 0.004374225580
0.413623088112 0.034722318685 0.004374600334
0.412063582233 0.034722407187 0.004373885454
0.410332627408 0.034722512529 0.004373034547
0.408771311205 0.034722600796 0.004372321562
0.407041235356 0.034722507042 0.004373078870
0.405480721088 0.034722434650 0.004373663619
0.403749284616 0.034722381982 0.004374089051
0.402189210955 0.034722465409 0.004373415159
0.400458771928 0.034722564700 0.004372613133
0.398896991700 0.034722647938 0.004371940770
0.397167332502 0.034722549073 0.004372739356
0.395606443649 0.034722472789 0.004373355553
0.393875344471 0.034722416032 0.004373814005
0.392314969327 0.034722495883 0.004373169002
0.390584794983 0.034722590874 0.004372401707
0.389022787042 0.034722670500 0.004371758527
0.387293325460 0.034722568806 0.004372579961
0.385732275791 0.034722487474 0.004373236929
0.384001267701 0.034722420842 0.004373775157
0.382440846828 0.034722500861 0.004373128795
0.380710720300 0.034722596130 0.004372359251
0.379148662185 0.034722675982 0.004371714244
0.377419180791 0.034722559084 0.004372658496
0.375858223017 0.034722477529 0.004373317263
0.374127194652 0.034722426448 0.004373729876
0.372566702847 0.034722510436 0.004373051449
0.370836687942 0.034722610445 0.004372243622
0.369274476315 0.034722694522 0.004371564481
0.367545246275 0.034722594339 0.004372373721
0.365983955008 0.034722513649 0.004373025498
0.364253201451 0.034722449143 0.004373546553
0.362692559374 0.034722519903 0.004372974981
0.360962559151 0.034722604121 0.004372294707
0.359400468831 0.034722674884 0.004371723110
0.357671078898 0.034722579756 0.004372491513
0.356109900771 0.034722504017 0.004373103301
0.354379077020 0.034722443752 0.004373590100
0.352818450867 0.034722521886 0.004372958963
0.351088510641 0.034722614978 0.004372207003
0.349526283696 0.034722693267 0.004371574618
0.347797027916 0.034722590085 0.004372408082
0.346235774850 0.034722509727 0.004373057178
0.344504994050 0.034722447234 0.004373561970
0.342944345724 0.034722523149 0.004372948761
0.341214405051 0.034722613620 0.004372217978
0.339652201070 0.034722689711 0.004371603343
0.337922915139 0.034722587188 0.004372431482
0.336361689868 0.034722506675 0.004373081830
0.334630876370 0.034722443288 0.004373593847
0.333070266202 0.034722518929 0.004372982853
0.331340284514 0.034722609062 0.004372254794
0.329778124608 0.034722684836 0.004371642724
0.328048790958 0.034722581850 0.004372474597
0.326487617542 0.034722500915 0.004373128360
0.324756747658 0.034722436980 0.004373644795
0.323196199358 0.034722511995 0.004373038861
0.321466149297 0.034722601362 0.004372316988
0.319904064478 0.034722676465 0.004371710340
0.318174649358 0.034722572785 0.004372547826
0.316613563842 0.034722491168 0.004373207093
0.314882598467 0.034722426290 0.004373731147
0.313322154292 0.034722500400 0.004373132519
0.311591991124 0.034722588749 0.004372418869
0.310030028086 0.034722663014 0.004371818995
0.308300482414 0.034722558295 0.004372664870
0.306739535244 0.034722476048 0.004373329222
0.305008426319 0.034722410686 0.004373857188
0.303448131623 0.034722484012 0.004373264897
0.301717810341 0.034722571298 0.004372559836
0.300156015413 0.034722644486 0.004371968654
0.298426290098 0.034722538375 0.004372825776
0.296865532975 0.034722455294 0.004373496866
0.295134228117 0.034722389507 0.004374028269
0.293574131730 0.034722462749 0.004373436652
0.291843602402 0.034722548034 0.004372747752
0.290282042465 0.034722617456 0.004372186989
0.288551974835 0.034722492141 0.004373199233
0.286991711326 0.034722395882 0.004373976768
0.285259787084 0.034722316355 0.004374619157
0.283700802918 0.034722297858 0.004374768566
0.281968243859 0.034722278513 0.004374924828
0.280409600321 0.034722262798 0.004375051772
0.278675949021 0.034722040789 0.004376854178
0.277120696792 0.034721893773 0.004378038675
0.275383813128 0.034721800684 0.004378799866
0.273831227439 0.034721682148 0.004379757463
0.272092398325 0.034721556837 0.004380769794
0.270541971528 0.034721463894 0.004381520636
0.268720359049 0.034722752097 0.004379856321
0.267399423810 0.034723276096 0.004379098239
0.265615959086 0.034724971426 0.004378837433
0.264227259892 0.034724676231 0.004378902351
0.263117078256 0.034724654492 0.004379059755
0.260991139986 0.034724582091 0.004379583979
0.259866776748 0.034723845527 0.004379387807
0.258030392864 0.034722515488 0.004379525619
0.256590355559 0.034722597151 0.004380080303
0.255059413489 0.034722496072 0.004381069752
0.253472263454 0.034722391200 0.004381910803
0.252022669073 0.034722367017 0.004382104750
0.250467463476 0.034723854492 0.004381820445
0.249521357618 0.034724187998 0.004381882437
0.248483678989 0.034723371896 0.004382171915
0.247021113616 0.034722209340 0.004382945252
0.245698742032 0.034722862598 0.004383737480
0.244599811279 0.034722795913 0.004384275896
0.243638596616 0.034724217722 0.004384125918
0.242826514663 0.034722948586 0.004383998368
0.241817981577 0.034723550426 0.004383922449
0.241053260828 0.034724319916 0.004383897209
0.240284101168 0.034723555129 0.004383887541
0.239288699127 0.034723412703 0.004384199630
0.238752252110 0.034724175864 0.004384789610
0.237961552613 0.034723330745 0.004386211824
0.237344204715 0.034723867685 0.004387225445
0.236537111096 0.034723047714 0.004388459927
0.235934961301 0.034723609352 0.004389287081
0.235112640632 0.034722815851 0.004390323287
0.234703747378 0.034723366285 0.004390800934
0.234277756383 0.034722707751 0.004391301864
0.233997383867 0.034723373499 0.004391635005
0.233442871464 0.034722817211 0.004392305062
0.232865511451 0.034723189699 0.004393049292
0.232505910515 0.034722868910 0.004393511805
0.232019523177 0.034723052552 0.004394166930
0.231730367841 0.034722748549 0.004394585110
0.231218742139 0.034722900186 0.004395387878
0.230950626255 0.034722505936 0.004395835719
0.230522362303 0.034722492272 0.004396609141
0.230161801918 0.034722594599 0.004397291538
0.229815385641 0.034722466111 0.004397853695
0.229552864573 0.034722412226 0.004398361115
0.229145764113 0.034722379910 0.004399276691
0.228896018450 0.034722305951 0.004399880428
0.228602509845 0.034722173019 0.004400647238
0.228239278940 0.034722008240 0.004401652410
0.228040645120 0.034722033540 0.004402211507
0.227685598162 0.034721829186 0.004403345840
0.227441077145 0.034721747701 0.004404244940
0.227132662718 0.034721617094 0.004405490022
0.226866577122 0.034721429920 0.004406705883
0.226614481785 0.034721286620 0.004407924471
0.226365309441 0.034721093585 0.004409445612
0.226134192051 0.034720829915 0.004411378367
0.225800856298 0.034720341533 0.004415433803
0.225570794077 0.034719757575 0.004418979639
0.225354553276 0.034719371545 0.004423038859
0.225000000000 0.034718353624 0.004430940355
