0.225000000000 0.034718326250 -0.004431159823
0.225000000000 0.035025579259 -0.004507970339
0.225000000000 0.035252114393 -0.004565378911
0.225000000000 0.035592188586 -0.004651834777
0.225000000000 0.035788421235 -0.004701940442
0.225000000000 0.036042887114 -0.004767623119
0.225000000000 0.036288104753 -0.004831697888
0.225000000000 0.036652838679 -0.004927028296
0.225000000000 0.036983188247 -0.005015089044
0.225000000000 0.037309076071 -0.005101670281
0.225000000000 0.037732585022 -0.005215976935
0.225000000000 0.037962071640 -0.005278047068
0.225000000000 0.038214355257 -0.005347078507
0.225000000000 0.038633309100 -0.005461573314
0.225000000000 0.038918054362 -0.005540218371
0.225000000000 0.039286747257 -0.005642611316
0.225000000000 0.039537505116 -0.005713227921
0.225000000000 0.039938074562 -0.005826524604
0.225000000000 0.040157869450 -0.005889819192
0.225000000000 0.040600132517 -0.006017221521
0.225000000000 0.041023913070 -0.006140629233
0.225000000000 0.041287009266 -0.006216912305
0.225000000000 0.041527144512 -0.006287740040
0.225000000000 0.041971948950 -0.006419241651
0.225000000000 0.042346624435 -0.006531861590
0.225000000000 0.042554249631 -0.006593513420
0.225000000000 0.042981329575 -0.006723243893
0.225000000000 0.043240574795 -0.006802474187
0.225000000000 0.043611239514 -0.006916710340
0.225000000000 0.043949984182 -0.007021294992
0.225000000000 0.044249207664 -0.007114669359
0.225289407473 0.044424060736 -0.007175294983
0.225671284861 0.044423130428 -0.007181944813
0.226157629893 0.044421974844 -0.007189002228
0.226735774273 0.044421082077 -0.007194992919
0.227025852312 0.044420489744 -0.007197075886
0.227358694806 0.044420425210 -0.007198743733
0.228010797248 0.044419756082 -0.007201156889
0.228568983834 0.044419804078 -0.007202760817
0.229020958177 0.044419411513 -0.007204039031
0.229608442287 0.044419297778 -0.007205546108
0.229985822706 0.044419125322 -0.007206436314
0.230473234897 0.044418933953 -0.007207475402
0.230959363638 0.044418689537 -0.007208378886
0.231532022390 0.044418537583 -0.007209273029
0.232264981433 0.044418588074 -0.007210298948
0.232840643068 0.044418286367 -0.007211037193
0.233460873111 0.044418153634 -0.007211760511
0.234149369002 0.044417983932 -0.007212466005
0.235006865086 0.044418092283 -0.007213224238
0.235516726244 0.044416525479 -0.007213558230
0.236377777942 0.044417768159 -0.007214188711
0.237013186348 0.044416196572 -0.007214734839
0.237720867544 0.044417525204 -0.007215401495
0.238509678850 0.044415997277 -0.007216242614
0.239063559919 0.044417421559 -0.007216876386
0.240186183544 0.044416816049 -0.007217654031
0.240991352112 0.044416746768 -0.007217951540
0.242222741334 0.044415678306 -0.007218417518
0.243328395594 0.044417098691 -0.007218858629
0.244259287776 0.044415659728 -0.007219278511
0.245790491296 0.044416599720 -0.007219666413
0.246759184304 0.044416160441 -0.007220804045
0.247897076342 0.044415437711 -0.007221976856
0.249363505407 0.044414533622 -0.007222932667
0.251035319384 0.044416101884 -0.007223241934
0.251947146352 0.044415767733 -0.007222706155
0.253072310785 0.044415516001 -0.007221348984
0.254617776705 0.044414319209 -0.007221024256
0.256260544626 0.044414828696 -0.007222103071
0.257565928803 0.044414870835 -0.007222972505
0.259524245964 0.044416161883 -0.007224354730
0.260514178064 0.044415282156 -0.007225076348
0.261699856970 0.044414616718 -0.007225973869
0.263558397677 0.044413897940 -0.007226100566
0.264961280701 0.044413684040 -0.007226972431
0.266793736403 0.044413364946 -0.007227764221
0.268253628771 0.044413393183 -0.007227610042
0.270027193236 0.044413393047 -0.007226586411
0.271547930367 0.044413699954 -0.007224887108
0.273278974279 0.044413616370 -0.007224742713
0.274840080289 0.044413916595 -0.007222876592
0.276566938743 0.044414342204 -0.007220227438
0.278133348703 0.044414543406 -0.007218979705
0.279856525807 0.044414631880 -0.007218424842
0.281424305283 0.044414528057 -0.007219071791
0.283147638827 0.044414565928 -0.007218832337
0.284715792821 0.044414579873 -0.007218745724
0.286439118716 0.044414534412 -0.007219028090
0.288006802424 0.044414480773 -0.007219361251
0.289730909719 0.044414416487 -0.007219760540
0.291297682859 0.044414345798 -0.007220199604
0.293022360989 0.044414392919 -0.007219906924
0.294589337168 0.044414425757 -0.007219702962
0.296313645742 0.044414415600 -0.007219766052
0.297880548852 0.044414382783 -0.007219969883
0.299605315333 0.044414331396 -0.007220289057
0.301171477411 0.044414261174 -0.007220725217
0.302896753250 0.044414311536 -0.007220412406
0.304463168344 0.044414351305 -0.007220165395
0.306187986768 0.044414348447 -0.007220183149
0.307754427347 0.044414321473 -0.007220350689
0.309479613946 0.044414276023 -0.007220632988
0.311045393914 0.044414210420 -0.007221040456
0.312771017658 0.044414265664 -0.007220697330
0.314337119290 0.044414310118 -0.007220421218
0.316062215944 0.044414312359 -0.007220407297
0.317628410997 0.044414289369 -0.007220550093
0.319353814370 0.044414247921 -0.007220807535
0.320919402754 0.044414185312 -0.007221196405
0.322645195616 0.044414243801 -0.007220833124
0.324211150445 0.044414291208 -0.007220538673
0.325936371612 0.044414296687 -0.007220504637
0.327502463380 0.044414276354 -0.007220630927
0.329227950331 0.044414237722 -0.007220870879
0.330793473472 0.044414177390 -0.007221245610
0.332519313909 0.044414238509 -0.007220865989
0.334085239885 0.044414288485 -0.007220555580
0.335810469729 0.044414296999 -0.007220502698
0.337376573119 0.044414279270 -0.007220612818
0.339102028306 0.044414243628 -0.007220834194
0.340667603199 0.044414185857 -0.007221193021
0.342393373134 0.044414249624 -0.007220796957
0.343959382833 0.044414300624 -0.007220480183
0.345684519715 0.044414310680 -0.007220417728
0.347250729674 0.044414295188 -0.007220513949
0.348976057487 0.044414263087 -0.007220713333
0.350541787060 0.044414209359 -0.007221047046
0.352267378875 0.044414275593 -0.007220635660
0.353833556830 0.044414321387 -0.007220351224
0.355558567138 0.044414325072 -0.007220328336
0.357124870045 0.044414306611 -0.007220442997
0.358850118775 0.044414273628 -0.007220647861
0.360415931481 0.044414221907 -0.007220969107
0.362141411629 0.044414294058 -0.007220520965
0.363707815029 0.044414365535 -0.007220077010
0.365432403439 0.044414398100 -0.007219874744
0.366999287099 0.044414394880 -0.007219894744
0.368723873539 0.044414369303 -0.007220053610
0.370290359774 0.044414313298 -0.007220401467
0.372015199324 0.044414380587 -0.007219983523
0.373582156036 0.044414432683 -0.007219659946
0.375306339480 0.044414443427 -0.007219593210
0.376873512947 0.044414430044 -0.007219676339
0.378597855457 0.044414401888 -0.007219851217
0.380164602604 0.044414353178 -0.007220153766
0.381889131687 0.044414426936 -0.007219695643
0.383456448575 0.044414486369 -0.007219326493
0.385180214261 0.044414505769 -0.007219205997
0.386747856362 0.044414497860 -0.007219255120
0.388471695073 0.044414473996 -0.007219403343
0.390038966822 0.044414426772 -0.007219696660
0.391762956779 0.044414503077 -0.007219222714
0.393330833138 0.044414565614 -0.007218834290
0.395054014842 0.044414588718 -0.007218690785
0.396622266399 0.044414584180 -0.007218718974
0.398345468849 0.044414564390 -0.007218841889
0.399913404764 0.044414520842 -0.007219112376
0.401636700881 0.044414601713 -0.007218610070
0.403205301685 0.044414668184 -0.007218197210
0.404927728449 0.044414695824 -0.007218025534
0.406496766307 0.044414695460 -0.007218027792
0.408219149374 0.044414680684 -0.007218119569
0.409787939178 0.044414641706 -0.007218361670
0.411510347163 0.044414727517 -0.007217828680
0.413079868994 0.044414798184 -0.007217389755
0.414801339873 0.044414831309 -0.007217184010
0.416371373474 0.044414836530 -0.007217151581
0.418092714571 0.044414829008 -0.007217198301
0.419662598201 0.044414797178 -0.007217396002
0.421383865230 0.044414888932 -0.007216826108
0.422954542944 0.044414957803 -0.007216398338
0.424674871836 0.044414988864 -0.007216205409
0.426246043885 0.044414995166 -0.007216166268
0.427966227728 0.044414991786 -0.007216187260
0.429537307623 0.044414966649 -0.007216343392
0.431257313897 0.044415069621 -0.007215703814
0.432829396332 0.044415167258 -0.007215097377
0.434548099319 0.044415230985 -0.007214701558
0.436121087117 0.044415257348 -0.007214537811
0.437839332006 0.044415268126 -0.007214470868
0.439412412879 0.044415246058 -0.007214607938
0.441130390161 0.044415353741 -0.007213939097
0.442704483610 0.044415441673 -0.007213392936
0.444421248454 0.044415494866 -0.007213062548
0.445996135002 0.044415520823 -0.007212901325
0.447712451740 0.044415540173 -0.007212781140
0.449287552835 0.044415535104 -0.007212812624
0.451003385734 0.044415660272 -0.007212035183
0.452579752974 0.044415766661 -0.007211374382
0.454294097826 0.044415842002 -0.007210906424
0.455871550499 0.044415886397 -0.007210630681
0.457585164043 0.044415925379 -0.007210388561
0.459163096783 0.044415936354 -0.007210320391
0.460875969316 0.044416081229 -0.007209420550
0.462455437940 0.044416207078 -0.007208638881
0.464166529218 0.044416305228 -0.007208029252
0.465747394467 0.044416370974 -0.007207620890
0.467457427886 0.044416435139 -0.007207222355
0.469039115835 0.044416469559 -0.007207008565
0.470748044903 0.044416643275 -0.007205929586
0.472331651812 0.044416794391 -0.007204990977
0.474038402678 0.044416923412 -0.007204189604
0.475623831318 0.044417020218 -0.007203588329
0.477329049795 0.044417123189 -0.007202948761
0.478915830489 0.044417195959 -0.007202496772
0.480619369648 0.044417413859 -0.007201143360
0.482208663806 0.044417603374 -0.007199966249
0.483909481639 0.044417762260 -0.007198979381
0.485501013056 0.044417876345 -0.007198270779
0.487200052006 0.044417983353 -0.007197606137
0.488793001431 0.044418049088 -0.007197197846
0.490489994111 0.044418378938 -0.007195149092
0.492085506251 0.044418365266 -0.007195234006
0.493781922841 0.044418222761 -0.007196119132
0.495376215869 0.044418182849 -0.007196367030
0.497073322004 0.044418213665 -0.007196175627
0.498668136685 0.044418336828 -0.007195410644
0.500363371511 0.044418579421 -0.007193903858
0.501870030620 0.044418888017 -0.007193045289
0.503676635577 0.044420194756 -0.007191205274
0.504891086623 0.044420984336 -0.007189306402
0.506018619204 0.044422276872 -0.007186970216
0.507914081337 0.044421676937 -0.007182032318
0.509200675157 0.044422085045 -0.007177819063
0.510816637086 0.044422267853 -0.007174419312
0.512195183822 0.044423656537 -0.007170631297
0.513279793515 0.044424553519 -0.007167784069
0.514136525099 0.044425593612 -0.007165517295
0.515860014252 0.044424187621 -0.007160962067
0.517152243974 0.044424875085 -0.007157646293
0.518491056965 0.044426459324 -0.007151932095
0.519553457330 0.044427896607 -0.007144496142
0.520865675218 0.044429631581 -0.007133533632
0.521938426789 0.044430974415 -0.007123966280
0.523196270087 0.044433675321 -0.007111395318
0.524327688039 0.044434757024 -0.007099457111
0.524750000000 0.043806503593 -0.006982551634
0.524750000000 0.042792019466 -0.006796957812
0.524750000000 0.041957677977 -0.006639393178
0.524750000000 0.040909288758 -0.006433287622
0.524750000000 0.040158676254 -0.006287052665
0.524750000000 0.039357703908 -0.006121700186
0.524750000000 0.038360318308 -0.005922159951
0.524750000000 0.037470387930 -0.005738050204
0.524750000000 0.036942330789 -0.005623217115
0.524750000000 0.036016865309 -0.005413314110
0.524750000000 0.035390487129 -0.005268178955
0.524750000000 0.034629175773 -0.005080202836
0.523679779405 0.034638848536 -0.005003516688
0.522434115501 0.034649092971 -0.004929160207
0.521523110234 0.034656704912 -0.004882457822
0.520118231003 0.034662679574 -0.004825448149
0.519322076879 0.034669021595 -0.004800077150
0.518244273475 0.034673464773 -0.004768650017
0.516387897054 0.034678724446 -0.004718187784
0.515182808329 0.034682361840 -0.004691809476
0.514002289862 0.034685632896 -0.004668121520
0.513054371083 0.034689345269 -0.004652260365
0.511607367972 0.034690122171 -0.004631142114
0.510146390405 0.034692597849 -0.004611994433
0.508347264318 0.034695812136 -0.004587134122
0.506800434669 0.034698045604 -0.004569103992
0.505241936814 0.034699932267 -0.004552763224
0.503407894273 0.034702930882 -0.004537773709
0.502153554788 0.034704613046 -0.004528925145
0.500070194105 0.034707046928 -0.004511617216
0.498879341725 0.034708415867 -0.004501882352
0.496933089213 0.034711057105 -0.004487880451
0.495701196185 0.034710958845 -0.004480090646
0.494460977126 0.034711277324 -0.004472924424
0.492565145314 0.034711459809 -0.004462313771
0.491103344224 0.034712354897 -0.004455083629
0.489283358024 0.034713509971 -0.004445753423
0.487802580851 0.034714366071 -0.004438838207
0.485999066192 0.034715024101 -0.004433522918
0.484505965023 0.034715489572 -0.004429763042
0.482712482534 0.034716047726 -0.004425254511
0.481209611048 0.034716557030 -0.004421140568
0.479426551658 0.034717211061 -0.004415857577
0.477912746309 0.034717733803 -0.004411635088
0.476139374739 0.034718107713 -0.004408614797
0.474618487394 0.034718352867 -0.004406634544
0.472850406412 0.034718620961 -0.004404468995
0.471324273197 0.034718962361 -0.004401711309
0.469562608494 0.034719384705 -0.004398299794
0.468029333179 0.034719727198 -0.004395533278
0.466273682386 0.034719906989 -0.004394081005
0.464736586376 0.034720022635 -0.004393146867
0.462983469856 0.034720153948 -0.004392086174
0.461443485408 0.034720393871 -0.004390148178
0.459694589315 0.034720685984 -0.004387788608
0.458149631772 0.034720926196 -0.004385848280
0.456404643040 0.034720989928 -0.004385333479
0.454857803764 0.034721024988 -0.004385050278
0.453113668243 0.034721073743 -0.004384656454
0.451565396658 0.034721247721 -0.004383251134
0.449824096148 0.034721457770 -0.004381554443
0.448272232770 0.034721632424 -0.004380143668
0.446533535132 0.034721630145 -0.004380162074
0.444980934420 0.034721617856 -0.004380261337
0.443242110950 0.034721617781 -0.004380261944
0.441688912939 0.034721758056 -0.004379128859
0.439952188897 0.034721926909 -0.004377764939
0.438396097703 0.034722068139 -0.004376624142
0.436661265308 0.034722021684 -0.004376999385
0.435105145750 0.034721979434 -0.004377340660
0.433369573281 0.034721951995 -0.004377562305
0.431813415845 0.034722057230 -0.004376712259
0.430079284980 0.034722182737 -0.004375698468
0.428520973429 0.034722287521 -0.004374852069
0.426788135396 0.034722229144 -0.004375323612
0.425230123267 0.034722177030 -0.004375744565
0.423496335343 0.034722136335 -0.004376073287
0.421938480269 0.034722236226 -0.004375266406
0.420205993272 0.034722355569 -0.004374302406
0.418646088080 0.034722455766 -0.004373493051
0.416914724603 0.034722376488 -0.004374133427
0.415355399786 0.034722310632 -0.004374665382
0.413622807753 0.034722258682 -0.004375085018
0.412063857574 0.034722348257 -0.004374361463
0.410332359509 0.034722455192 -0.004373497690
0.408771571534 0.034722545079 -0.004372771617
0.407041008722 0.034722458537 -0.004373470674
0.405480943361 0.034722387078 -0.004374047884
0.403749038281 0.034722329260 -0.004374514914
0.402189448788 0.034722414507 -0.004373826323
0.400458545096 0.034722516152 -0.004373005280
0.398897207938 0.034722601658 -0.004372314602
0.397167151571 0.034722510350 -0.004373052150
0.395606618981 0.034722435263 -0.004373658667
0.393875146458 0.034722373653 -0.004374156330
0.392315154417 0.034722456270 -0.004373488984
0.390584626183 0.034722554747 -0.004372693528
0.389022940509 0.034722637654 -0.004372023841
0.387293208341 0.034722543740 -0.004372782436
0.385732371791 0.034722466928 -0.004373402893
0.384001188344 0.034722403858 -0.004373912348
0.382440919703 0.034722485264 -0.004373254780
0.380710655146 0.034722582186 -0.004372471888
0.379148718994 0.034722663823 -0.004371812454
0.377419217023 0.034722566838 -0.004372595860
0.375858177430 0.034722487286 -0.004373238452
0.374127169396 0.034722421042 -0.004373773538
0.372566723986 0.034722505912 -0.004373087994
0.370836671416 0.034722606908 -0.004372272193
0.369274489228 0.034722691759 -0.004371586805
0.367545223065 0.034722589371 -0.004372413846
0.365983985572 0.034722507108 -0.004373078335
0.364253162033 0.034722440707 -0.004373614698
0.362692594647 0.034722512354 -0.004373035961
0.360962528908 0.034722597648 -0.004372346991
0.359400494729 0.034722669341 -0.004371767883
0.357671066269 0.034722577053 -0.004372513346
0.356109915008 0.034722500970 -0.004373127913
0.354379047067 0.034722437341 -0.004373641883
0.352818473392 0.034722517065 -0.004372997905
0.351088496087 0.034722611863 -0.004372232164
0.349526291984 0.034722691493 -0.004371588946
0.347797030322 0.034722590600 -0.004372403922
0.346235774141 0.034722509879 -0.004373055951
0.344504980977 0.034722444436 -0.004373584570
0.342944350593 0.034722522107 -0.004372957179
0.341214408869 0.034722614437 -0.004372211378
0.339652190431 0.034722691988 -0.004371584950
0.337922937666 0.034722592009 -0.004372392537
0.336361668349 0.034722511281 -0.004373044627
0.334630884473 0.034722445022 -0.004373579838
0.333070249468 0.034722522510 -0.004372953923
0.331340310563 0.034722614637 -0.004372209760
0.329778090907 0.034722692049 -0.004371584463
0.328048837482 0.034722591808 -0.004372394167
0.326487571303 0.034722510811 -0.004373048423
0.324756781240 0.034722444168 -0.004373586739
0.323196156765 0.034722521111 -0.004372965226
0.321466201887 0.034722612618 -0.004372226071
0.319904003441 0.034722689528 -0.004371604820
0.318174723549 0.034722588663 -0.004372419566
0.316613489451 0.034722507089 -0.004373078486
0.314882661041 0.034722439682 -0.004373622970
0.313322082261 0.034722515816 -0.004373007993
0.311592073214 0.034722606319 -0.004372276952
0.310029937725 0.034722682353 -0.004371662779
0.308300586782 0.034722580632 -0.004372484439
0.306739432240 0.034722498094 -0.004373151149
0.305008512260 0.034722429080 -0.004373708613
0.303448037139 0.034722504233 -0.004373101555
0.301717915133 0.034722593726 -0.004372378674
0.300155900548 0.034722669070 -0.004371770075
0.298426425934 0.034722567447 -0.004372590943
0.296865393160 0.034722485218 -0.004373255156
0.295134353929 0.034722416433 -0.004373810767
0.293574008174 0.034722489193 -0.004373223048
0.291843741347 0.034722577771 -0.004372507545
0.290281869834 0.034722654403 -0.004371888546
0.288552298923 0.034722561503 -0.004372638951
0.286991280085 0.034722488178 -0.004373231240
0.285260309912 0.034722428253 -0.004373715295
0.283699932554 0.034722484137 -0.004373263885
0.281969502817 0.034722547960 -0.004372748347
0.280408019725 0.034722601083 -0.004372319245
0.278678064967 0.034722493732 -0.004373195347
0.277118349295 0.034722396156 -0.004373980324
0.275386088627 0.034722287746 -0.004374865132
0.273829243401 0.034722106823 -0.004376326716
0.272093874662 0.034721872841 -0.004378216949
0.270541025061 0.034721666481 -0.004379884030
0.268806451775 0.034721908710 -0.004378967482
0.267297474586 0.034721956434 -0.004378363123
0.265522922591 0.034722143602 -0.004378037578
0.264057480649 0.034722122820 -0.004378207632
0.262286307527 0.034722127589 -0.004378168606
0.260820831396 0.034722146087 -0.004378017245
0.258973082032 0.034724222700 -0.004378659945
0.257916812567 0.034724223393 -0.004378978810
0.256721652865 0.034723209302 -0.004379332520
0.254986188201 0.034722592930 -0.004379689055
0.253570578144 0.034722511078 -0.004380325528
0.251949983072 0.034722346451 -0.004381605654
0.250535733854 0.034723344529 -0.004380785715
0.249444746451 0.034724031800 -0.004380712177
0.248514653932 0.034724028790 -0.004381036081
0.246941335468 0.034722163645 -0.004382381074
0.245691857675 0.034722790032 -0.004383249167
0.244522261237 0.034722743473 -0.004383620071
0.243403417534 0.034724207577 -0.004384369882
0.242689214124 0.034722850019 -0.004384897532
0.241631732519 0.034723373979 -0.004385822501
0.240856341306 0.034723691361 -0.004386544597
0.239997931560 0.034723020662 -0.004387453079
0.239034250952 0.034723084112 -0.004388463211
0.238574045289 0.034723703410 -0.004388305480
0.237706949514 0.034723432788 -0.004388252383
0.237099134409 0.034723574994 -0.004388362836
0.236327198576 0.034723643232 -0.004388659404
0.235623123722 0.034723450169 -0.004389097660
0.234947503300 0.034723429754 -0.004389656165
0.234535099031 0.034723327042 -0.004390193455
0.234130225006 0.034723258179 -0.004390729738
0.233633605380 0.034723280507 -0.004391350551
0.233312945014 0.034722833810 -0.004391747626
0.232823125837 0.034723230344 -0.004392341182
0.232453607411 0.034723035515 -0.004392894412
0.231973131890 0.034723111532 -0.004393382743
0.231678824289 0.034722841433 -0.004393771819
0.231266598919 0.034722780307 -0.004394437003
0.230896768706 0.034722840148 -0.004395086449
0.230570185246 0.034722672422 -0.004395716101
0.230114797738 0.034722357750 -0.004396657918
0.229795843742 0.034722587009 -0.004397253462
0.229510748113 0.034722173543 -0.004397808900
0.229193127462 0.034722507934 -0.004398529316
0.228854786446 0.034722290361 -0.004399374176
0.228485102945 0.034722199076 -0.004400371484
0.228177621177 0.034722127123 -0.004401241882
0.227944485723 0.034722026199 -0.004401930987
0.227623443035 0.034721840399 -0.004403008309
0.227434669527 0.034721847804 -0.004403730430
0.227069476675 0.034721522478 -0.004405285286
0.226744265967 0.034721456415 -0.004406850640
0.226559801231 0.034721262307 -0.004407792973
0.226352280437 0.034721210704 -0.004408568324
0.226095470872 0.034721007489 -0.004410337742
0.225744000869 0.034720391297 -0.004415160244
0.225548433369 0.034719805450 -0.004418572928
0.225352209100 0.034719435031 -0.004422612651
0.225000000000 0.034718326250 -0.004431159823
