0.225000000000 0.034968714013 0.001478252153
0.225000000000 0.035069888484 0.001486621031
0.225000000000 0.035229046191 0.001499726092
0.225000000000 0.035395176485 0.001513420835
0.225000000000 0.035500878630 0.001522234802
0.225000000000 0.035602400920 0.001530634971
0.225000000000 0.035772709438 0.001544737939
0.225000000000 0.035877272621 0.001553400394
0.225000000000 0.036077039496 0.001570125484
0.225000000000 0.036204095595 0.001580738667
0.225000000000 0.036401493208 0.001597625537
0.225000000000 0.036617380403 0.001615809462
0.225000000000 0.036794614256 0.001630992762
0.225000000000 0.036992733321 0.001647811621
0.225000000000 0.037148326831 0.001661336311
0.225000000000 0.037316447528 0.001675748252
0.225000000000 0.037558730239 0.001697014194
0.225000000000 0.037719798490 0.001711056556
0.225000000000 0.037965821899 0.001732781296
0.225000000000 0.038163001695 0.001749976751
0.225000000000 0.038329429321 0.001764820491
0.225000000000 0.038478504840 0.001777971744
0.225000000000 0.038672449416 0.001795089456
0.225000000000 0.038869131178 0.001812840222
0.225000000000 0.039069038198 0.001831035579
0.225000000000 0.039301432842 0.001852148538
0.225000000000 0.039446851505 0.001865319587
0.225000000000 0.039734799135 0.001891610732
0.225000000000 0.039920606933 0.001908339291
0.225000000000 0.040233512495 0.001937251998
0.225000000000 0.040441144654 0.001956278452
0.225000000000 0.040764980306 0.001986664420
0.225000000000 0.040960646174 0.002004922397
0.225000000000 0.041305891586 0.002037764957
0.225000000000 0.041617722959 0.002066971899
0.225000000000 0.041798624439 0.002084311829
0.225000000000 0.042078876241 0.002110969874
0.225000000000 0.042239699855 0.002126463696
0.225000000000 0.042401375588 0.002142019538
0.225000000000 0.042680910113 0.002169090119
0.225000000000 0.042855626332 0.002185909079
0.225000000000 0.043057516021 0.002205672980
0.225000000000 0.043236838489 0.002223008254
0.225000000000 0.043379999241 0.002237076772
0.225000000000 0.043608360663 0.002259383125
0.225000000000 0.043829176259 0.002281205395
0.225000000000 0.043979818830 0.002296079249
0.225000000000 0.044163760485 0.002314454752
0.225000000000 0.044351312650 0.002333027866
0.225000000000 0.044488481176 0.002346761389
0.225000000000 0.044722661599 0.002370321701
0.225000000000 0.044914940727 0.002389740382
0.225095922139 0.044936228565 0.002393567478
0.225239941308 0.044936155516 0.002395556340
0.225432358962 0.044936060022 0.002397656882
0.225658597883 0.044935992532 0.002399351368
0.225779923951 0.044935915230 0.002399936966
0.225933386262 0.044935932406 0.002400314349
0.226144069059 0.044935884927 0.002400780599
0.226302963335 0.044935889319 0.002401206916
0.226542384222 0.044935820578 0.002401796851
0.226733277608 0.044935798620 0.002402211527
0.226946398728 0.044935738915 0.002402636965
0.227122411417 0.044935772704 0.002402944133
0.227376413479 0.044935707699 0.002403327265
0.227522079047 0.044935752366 0.002403526711
0.227784823872 0.044935652901 0.002403871083
0.227981546407 0.044935727397 0.002404107687
0.228201645002 0.044935656942 0.002404357357
0.228397558509 0.044935703368 0.002404561466
0.228641465278 0.044935635642 0.002404786634
0.228802012851 0.044935680926 0.002404922783
0.229073594872 0.044935542919 0.002405150916
0.229239720933 0.044935624082 0.002405279648
0.229488407717 0.044935574748 0.002405456583
0.229677370393 0.044935586753 0.002405579096
0.229999004555 0.044935476390 0.002405786297
0.230318465273 0.044935622508 0.002405991818
0.230701176019 0.044935440582 0.002406228466
0.231144832152 0.044935568384 0.002406489994
0.231403341793 0.044935491492 0.002406639009
0.231772057622 0.044935487552 0.002406838307
0.232197610191 0.044935490342 0.002407039961
0.232636360412 0.044935379774 0.002407259803
0.233077948594 0.044935455620 0.002407506779
0.233461447004 0.044935381044 0.002407740356
0.233958344061 0.044935281745 0.002408071772
0.234286483996 0.044935430915 0.002408307236
0.234951490956 0.044935154313 0.002408496596
0.235508984674 0.044935151879 0.002408542896
0.236162795213 0.044935110374 0.002408652484
0.236643682274 0.044935253610 0.002408711496
0.237367887815 0.044934895976 0.002408785761
0.237778421756 0.044935450542 0.002408809355
0.238741510117 0.044934850270 0.002408958150
0.239486849202 0.044934841868 0.002409121582
0.240452275287 0.044934830257 0.002409347453
0.241414276218 0.044934778904 0.002409525344
0.242198961089 0.044935421305 0.002409539692
0.242988917085 0.044934773591 0.002409415393
0.244166438155 0.044934116199 0.002409343320
0.245383811497 0.044934111720 0.002409426375
0.246567791216 0.044934103374 0.002409581147
0.247784802868 0.044934091010 0.002409810410
0.249021316934 0.044934010903 0.002410157624
0.250243402629 0.044935328155 0.002410286057
0.251705139464 0.044934745411 0.002410742634
0.252805628407 0.044934734018 0.002410990287
0.254742635826 0.044934739288 0.002410875740
0.255843337494 0.044934756370 0.002410504411
0.257746404580 0.044933809353 0.002410157715
0.259075917574 0.044933591255 0.002410198679
0.260777641824 0.044932893325 0.002410708299
0.262329306926 0.044932868071 0.002411191085
0.264014466616 0.044932867357 0.002411204740
0.265566073599 0.044932888747 0.002410795814
0.267250189216 0.044932797260 0.002410601932
0.268839816433 0.044932818866 0.002411413787
0.270503725768 0.044932693747 0.002411976574
0.272130049654 0.044932678872 0.002412255858
0.273794224374 0.044932673040 0.002412365372
0.275420354670 0.044932681606 0.002412204530
0.277084542700 0.044932674150 0.002412332960
0.278710379635 0.044932612695 0.002413496006
0.280376263572 0.044932595608 0.002413805201
0.282001481859 0.044932593258 0.002413849330
0.283667702109 0.044932588913 0.002413930901
0.285292745111 0.044932583681 0.002414029124
0.286959229343 0.044932573983 0.002414211185
0.288583475715 0.044932524655 0.002415137243
0.290251260637 0.044932512259 0.002415369971
0.291874860765 0.044932526386 0.002415104763
0.293542297052 0.044932542894 0.002414794832
0.295166557072 0.044932557011 0.002414529810
0.296833520956 0.044932556124 0.002414546460
0.298457498796 0.044932517585 0.002415269981
0.300125353613 0.044932512841 0.002415359051
0.301748948053 0.044932525276 0.002415125596
0.303416430424 0.044932539726 0.002414854317
0.305040602232 0.044932551991 0.002414624066
0.306707683874 0.044932550213 0.002414657438
0.308331536619 0.044932511883 0.002415377024
0.309999513133 0.044932507245 0.002415464106
0.311622990383 0.044932519992 0.002415224785
0.313290581786 0.044932534887 0.002414945155
0.314914653547 0.044932547541 0.002414707596
0.316581825985 0.044932546233 0.002414732153
0.318205596404 0.044932508220 0.002415445790
0.319873648617 0.044932503880 0.002415527271
0.321497055911 0.044932516863 0.002415283543
0.323164711604 0.044932532049 0.002414998445
0.324788724877 0.044932544950 0.002414756240
0.326455950010 0.044932543932 0.002414775347
0.328079673277 0.044932506144 0.002415484775
0.329747767404 0.044932502066 0.002415561337
0.331371138068 0.044932515277 0.002415313319
0.333038825017 0.044932530733 0.002415023143
0.334662812417 0.044932543864 0.002414776635
0.336330058210 0.044932543101 0.002414790959
0.337953765347 0.044932505478 0.002415497274
0.339621871757 0.044932501591 0.002415570245
0.341245233595 0.044932514932 0.002415319792
0.342912926157 0.044932530557 0.002415026453
0.344536911269 0.044932543828 0.002414777313
0.346204155585 0.044932543274 0.002414787707
0.347827871221 0.044932506094 0.002415485715
0.349495961488 0.044932502474 0.002415553669
0.351119342811 0.044932515858 0.002415302408
0.352787014974 0.044932531525 0.002415008284
0.354411021178 0.044932544818 0.002414758721
0.356078243283 0.044932544346 0.002414767587
0.357701992726 0.044932508161 0.002415446912
0.359370028609 0.044932505456 0.002415497688
0.360993480941 0.044932519468 0.002415234632
0.362661066929 0.044932535914 0.002414925871
0.364285175129 0.044932549897 0.002414663371
0.365952279547 0.044932550192 0.002414657827
0.367576129146 0.044932511612 0.002415382115
0.369244104952 0.044932507582 0.002415457779
0.370867603269 0.044932521611 0.002415194396
0.372535142757 0.044932538088 0.002414885065
0.374159298588 0.044932552145 0.002414621164
0.375826347656 0.044932553082 0.002414603568
0.377450290612 0.044932517389 0.002415273668
0.379118131566 0.044932514324 0.002415331201
0.380741775583 0.044932528395 0.002415067041
0.382409168570 0.044932544905 0.002414757090
0.384033471593 0.044932558993 0.002414492606
0.385700377144 0.044932559558 0.002414481999
0.387324456755 0.044932523599 0.002415157069
0.388992153312 0.044932521518 0.002415196137
0.390615961202 0.044932536414 0.002414916498
0.392283171546 0.044932553842 0.002414589314
0.393907675713 0.044932568729 0.002414309818
0.395574362495 0.044932570131 0.002414283505
0.397198675210 0.044932534667 0.002414949299
0.398866128106 0.044932533071 0.002414979245
0.400490188819 0.044932548331 0.002414692760
0.402157138047 0.044932566165 0.002414357966
0.403781911205 0.044932581378 0.002414072355
0.405448321060 0.044932583191 0.002414038327
0.407072918586 0.044932548047 0.002414698095
0.408740079113 0.044932546833 0.002414720895
0.410364439581 0.044932562398 0.002414428683
0.412031081961 0.044932580584 0.002414087255
0.413656168778 0.044932596077 0.002413796408
0.415322257113 0.044932598340 0.002413753914
0.416947189226 0.044932563959 0.002414399373
0.418613999561 0.044932563431 0.002414409285
0.420238722086 0.044932579411 0.002414109283
0.421904992388 0.044932598113 0.002413758180
0.423530462007 0.044932614086 0.002413458317
0.425196156251 0.044932616917 0.002413405164
0.426821503068 0.044932583882 0.002414025357
0.428487866033 0.044932585040 0.002414003603
0.430113068254 0.044932602334 0.002413678928
0.431778828754 0.044932622517 0.002413300028
0.433404837392 0.044932639721 0.002412977041
0.435069963844 0.044932643992 0.002412896865
0.436695880005 0.044932609661 0.002413541377
0.438361690129 0.044932610583 0.002413524066
0.439987451354 0.044932628686 0.002413184206
0.441652634456 0.044932649768 0.002412788433
0.443279238967 0.044932667788 0.002412450120
0.444943749650 0.044932673090 0.002412350595
0.446570331110 0.044932642327 0.002412928132
0.448235406786 0.044932646101 0.002412857279
0.449861947602 0.044932665543 0.002412492284
0.451526320742 0.044932688105 0.002412068715
0.453153763589 0.044932707279 0.002411708747
0.454817408650 0.044932713960 0.002411583322
0.456444877955 0.044932683880 0.002412148028
0.458109036940 0.044932689648 0.002412039732
0.459736538314 0.044932711168 0.002411635726
0.461399905087 0.044932735905 0.002411171329
0.463028396407 0.044932756813 0.002410778804
0.464690956078 0.044932765187 0.002410621595
0.466319556332 0.044932737644 0.002411138682
0.467982526272 0.044932746269 0.002410976752
0.469611267802 0.044932769677 0.002410537303
0.471273344450 0.044932797165 0.002410021260
0.472903186608 0.044932820958 0.002409574568
0.474564295589 0.044932835717 0.002409297501
0.476194489902 0.044932815099 0.002409684576
0.477855664778 0.044932835459 0.002409302337
0.479486511167 0.044932875892 0.002408543270
0.481146077822 0.044932923965 0.002407640759
0.482778859769 0.044932967073 0.002406831466
0.484436661204 0.044932996658 0.002406276053
0.486070757084 0.044933016359 0.002405906187
0.487727588892 0.044933037387 0.002405511422
0.489362603980 0.044933060965 0.002405068780
0.491018232578 0.044933104481 0.002404251818
0.492655004318 0.044933156949 0.002403266808
0.494270913383 0.044933312772 0.002401951058
0.495766765051 0.044933328386 0.002400416590
0.497413779744 0.044933434060 0.002400137963
0.499008745543 0.044933429523 0.002400224557
0.500704953118 0.044933454429 0.002399749178
0.502301027880 0.044933501139 0.002398857632
0.503969053031 0.044932906185 0.002398116297
0.505740636279 0.044933880155 0.002397100908
0.507162046786 0.044933583931 0.002396016219
0.509053433133 0.044933624788 0.002395317632
0.510452852348 0.044933657620 0.002394756279
0.512345488956 0.044933691923 0.002394169763
0.513748633770 0.044934627974 0.002393337497
0.515091864886 0.044934375937 0.002390986172
0.515978222788 0.044936048629 0.002389178169
0.518093410789 0.044936231311 0.002386159018
0.519267283247 0.044936350253 0.002384193300
0.521390322372 0.044936583378 0.002380340489
0.522534181480 0.044936545685 0.002377959700
0.523560356121 0.044935585541 0.002374849312
0.524750000000 0.044935998251 0.002369626471
0.524750000000 0.043872007660 0.002306556519
0.524750000000 0.042972747333 0.002251357692
0.524750000000 0.041892225971 0.002166311650
0.524750000000 0.040684393027 0.002080949153
0.524750000000 0.038758195401 0.001950074901
0.524750000000 0.037222750057 0.001865612942
0.524750000000 0.035858663879 0.001781568339
0.524750000000 0.035398482766 0.001738527538
0.524032504545 0.034959161475 0.001667587358
0.523099100500 0.034960033661 0.001638819973
0.521226185011 0.034960873356 0.001622317814
0.519838951518 0.034961606689 0.001607905968
0.517917312276 0.034962540591 0.001589552417
0.516580905796 0.034963285699 0.001574909145
0.515132186629 0.034964766018 0.001561962674
0.513951999965 0.034961946655 0.001555067980
0.512409444753 0.034962225621 0.001548385164
0.510669874922 0.034962594565 0.001539546882
0.509109988321 0.034962858138 0.001533232826
0.507387191719 0.034963203342 0.001524963229
0.505811032478 0.034963451516 0.001519018074
0.504007464906 0.034964792336 0.001513655868
0.502590967091 0.034964887690 0.001511143220
0.500720813622 0.034965064272 0.001506490113
0.499294973356 0.034965188553 0.001503215221
0.497435286574 0.034965401047 0.001497615813
0.495997981189 0.034965554332 0.001493576605
0.494275861858 0.034964757254 0.001490865357
0.492687183362 0.034964828629 0.001489131334
0.490986992938 0.034964936784 0.001486503752
0.489393106089 0.034965023496 0.001484397109
0.487698554039 0.034965147225 0.001481391162
0.486098598796 0.034965249274 0.001478911902
0.484409150766 0.034965288343 0.001477962749
0.482805700261 0.034965359409 0.001476236217
0.481120000533 0.034965447651 0.001474092426
0.479512179295 0.034965514287 0.001472473523
0.477830718240 0.034965597465 0.001470452733
0.476218790419 0.034965659669 0.001468941512
0.474540264678 0.034965663085 0.001468858536
0.472926857571 0.034965700387 0.001467952295
0.471250083665 0.034965748296 0.001466788361
0.469634308910 0.034965785371 0.001465887628
0.467959894387 0.034965832913 0.001464732619
0.466341768513 0.034965869762 0.001463837391
0.464668762600 0.034965849779 0.001464322869
0.463050329068 0.034965875011 0.001463709851
0.461378197696 0.034965907394 0.001462923119
0.459758161484 0.034965932603 0.001462310693
0.458087631252 0.034965964899 0.001461526058
0.456465995439 0.034965990083 0.001460914224
0.454796166051 0.034965957798 0.001461698578
0.453174824572 0.034965976027 0.001461255725
0.451505378649 0.034965999420 0.001460687397
0.449882881863 0.034966017453 0.001460249287
0.448214585295 0.034966040614 0.001459686608
0.446590945104 0.034966058452 0.001459253240
0.444922945293 0.034966020947 0.001460164401
0.443299891411 0.034966035972 0.001459799374
0.441632051864 0.034966054947 0.001459338383
0.440008056270 0.034966069666 0.001458980792
0.438341149517 0.034966088306 0.001458527941
0.436716230047 0.034966102719 0.001458177785
0.435049392287 0.034966060212 0.001459210459
0.433425307645 0.034966070801 0.001458953205
0.431758364425 0.034966084549 0.001458619215
0.430133600302 0.034966095309 0.001458357808
0.428467341223 0.034966109220 0.001458019833
0.426841888298 0.034966120151 0.001457754272
0.425175556946 0.034966079183 0.001458749586
0.423550947982 0.034966089522 0.001458498406
0.421884518194 0.034966102736 0.001458177359
0.420259255203 0.034966112982 0.001457928445
0.418593476672 0.034966126091 0.001457609970
0.416967565195 0.034966136243 0.001457363322
0.415301641888 0.034966092422 0.001458427928
0.413676678166 0.034966101783 0.001458200517
0.412010571660 0.034966113713 0.001457910673
0.410385016926 0.034966122976 0.001457685635
0.408719498563 0.034966134798 0.001457398425
0.407093358554 0.034966143963 0.001457175760
0.405427639414 0.034966099379 0.001458258934
0.403802490987 0.034966108104 0.001458046944
0.402136549631 0.034966119264 0.001457775829
0.400510849057 0.034966127910 0.001457565784
0.398845457491 0.034966138980 0.001457296839
0.397219209483 0.034966147545 0.001457088739
0.395553582856 0.034966102447 0.001458184392
0.393928354621 0.034966110773 0.001457982109
0.392262480425 0.034966121423 0.001457723374
0.390636725496 0.034966129658 0.001457523312
0.388971375328 0.034966140207 0.001457267013
0.387345099037 0.034966148351 0.001457069172
0.385679498726 0.034966103533 0.001458158002
0.384054242262 0.034966111716 0.001457959200
0.382388392692 0.034966122250 0.001457703277
0.380762616460 0.034966130362 0.001457506208
0.379097284558 0.034966140816 0.001457252218
0.377470992758 0.034966148857 0.001457056882
0.375805389871 0.034966102842 0.001458174790
0.374180142729 0.034966111737 0.001457958692
0.372514305468 0.034966123114 0.001457682288
0.370888494085 0.034966132025 0.001457465808
0.369223221402 0.034966143410 0.001457189198
0.367596845105 0.034966152337 0.001456972335
0.365931318877 0.034966104873 0.001458125459
0.364306034657 0.034966112372 0.001457943270
0.362640190052 0.034966121951 0.001457710535
0.361014430785 0.034966129441 0.001457528576
0.359349060887 0.034966139006 0.001457296207
0.357722827255 0.034966146486 0.001457114477
0.356057193216 0.034966102973 0.001458171597
0.354431952165 0.034966111168 0.001457972521
0.352766087180 0.034966121690 0.001457716875
0.351140324807 0.034966129925 0.001457516811
0.349474982198 0.034966140483 0.001457260313
0.347848696396 0.034966148759 0.001457059262
0.346183104097 0.034966103701 0.001458153919
0.344557846429 0.034966111634 0.001457961180
0.342891989976 0.034966121837 0.001457713318
0.341266227042 0.034966129819 0.001457519389
0.339600877147 0.034966140066 0.001457270458
0.337974606361 0.034966148097 0.001457075340
0.336308992724 0.034966102829 0.001458175106
0.334683759968 0.034966110716 0.001457983500
0.333017877123 0.034966120858 0.001457737088
0.331392142267 0.034966128779 0.001457544653
0.329726762399 0.034966138951 0.001457297539
0.328100523689 0.034966146906 0.001457104275
0.326434875939 0.034966101568 0.001458205745
0.324809678985 0.034966109403 0.001458015386
0.323143758544 0.034966119468 0.001457770859
0.321518063291 0.034966127323 0.001457580045
0.319852641595 0.034966137401 0.001457335195
0.318226447150 0.034966145274 0.001457143923
0.316560752614 0.034966099837 0.001458247802
0.314935605733 0.034966107535 0.001458060775
0.313269631241 0.034966117451 0.001457819866
0.311643993696 0.034966125191 0.001457631821
0.309978510966 0.034966135145 0.001457390011
0.308352380561 0.034966142927 0.001457200948
0.306686619354 0.034966097391 0.001458307213
0.305061541611 0.034966105011 0.001458122106
0.303395494828 0.034966114779 0.001457884782
0.301769934125 0.034966122340 0.001457701101
0.300104368571 0.034966132043 0.001457465374
0.298478328372 0.034966139544 0.001457283120
0.296812467481 0.034966093608 0.001458399128
0.295187491029 0.034966101513 0.001458207086
0.293521342432 0.034966110958 0.001457977610
0.291895901792 0.034966117530 0.001457817949
0.290230179775 0.034966125605 0.001457621771
0.288604350162 0.034966130844 0.001457494489
0.286938248979 0.034966085035 0.001458607404
0.285313703349 0.034966079116 0.001458751194
0.283646721101 0.034966073428 0.001458889382
0.282022484994 0.034966068473 0.001459009763
0.280355220359 0.034966063772 0.001459123972
0.278731239510 0.034966059780 0.001459220954
0.277063070166 0.034965995458 0.001460807086
0.275442049590 0.034965969764 0.001461431392
0.273772101406 0.034965945624 0.001462017926
0.272152343803 0.034965928801 0.001462426676
0.270481382911 0.034965913782 0.001462791608
0.268862387856 0.034965905823 0.001462984988
0.267112538477 0.034966917300 0.001461251473
0.265677935753 0.034966942011 0.001460592542
0.263876766876 0.034966963262 0.001460025900
0.262440841201 0.034966976195 0.001459681047
0.260640550808 0.034966982624 0.001459509611
0.259204179115 0.034966983740 0.001459479862
0.257381776767 0.034968296847 0.001459545149
0.256215046085 0.034968254311 0.001460800408
0.254342725718 0.034968210392 0.001462096505
0.253178686624 0.034968198569 0.001462445390
0.251305188620 0.034968203895 0.001462288233
0.250140815924 0.034968222704 0.001461733169
0.249298052455 0.034969321435 0.001461611651
0.247666894081 0.034968409686 0.001461654620
0.246705021706 0.034968406355 0.001461724851
0.245265798838 0.034968399844 0.001461862155
0.244303626685 0.034968392742 0.001462011905
0.242864821007 0.034968380595 0.001462268050
0.241942264438 0.034968504898 0.001462030519
0.241095083494 0.034968995772 0.001461907674
0.240034350541 0.034968971635 0.001462568458
0.239385091873 0.034968958444 0.001462929583
0.238323270228 0.034968937681 0.001463498001
0.237675017836 0.034968926581 0.001463801872
0.237179456165 0.034969046857 0.001463685414
0.236468881754 0.034968708776 0.001463498790
0.236031481172 0.034969244542 0.001463435046
0.235254914107 0.034969237078 0.001463597055
0.234812738505 0.034969230599 0.001463737694
0.234036598188 0.034969216342 0.001464047138
0.233591110080 0.034969124673 0.001464190406
0.233157963007 0.034969251515 0.001464320721
0.232773446666 0.034969146409 0.001464446599
0.232280390168 0.034969147141 0.001464629130
0.231785683262 0.034969133618 0.001464964250
0.231412639167 0.034969124528 0.001465189527
0.231178042588 0.034969305090 0.001465326908
0.230790818168 0.034969067618 0.001465553818
0.230379853691 0.034969282631 0.001465816090
0.230169012590 0.034969113018 0.001465949697
0.229823257114 0.034969160089 0.001466187462
0.229548849799 0.034969151397 0.001466399424
0.229383608088 0.034969258322 0.001466492558
0.229109385246 0.034969126889 0.001466662188
0.228884120957 0.034969238497 0.001466826306
0.228655888009 0.034969161815 0.001467022486
0.228467406513 0.034969226507 0.001467199799
0.228187619737 0.034969151193 0.001467481666
0.228040877281 0.034969212457 0.001467619372
0.227768378584 0.034969145220 0.001467910296
0.227639378517 0.034969196448 0.001468066263
0.227399981202 0.034969117585 0.001468368842
0.227223329259 0.034969169098 0.001468605381
0.227031591464 0.034969095265 0.001468873415
0.226905041473 0.034969149205 0.001469065754
0.226780834621 0.034969079068 0.001469263445
0.226630455657 0.034969132168 0.001469525619
0.226530086969 0.034969064724 0.001469708666
0.226363065282 0.034969084588 0.001470038065
0.226121013280 0.034969091193 0.001470595687
0.226043401408 0.034969072964 0.001470799238
0.225954774643 0.034969056962 0.001471052796
0.225824025703 0.034969029301 0.001471457422
0.225712860289 0.034969016369 0.001471839677
0.225600827025 0.034969012495 0.001472262460
0.225479905049 0.034968988036 0.001472952260
0.225370153149 0.034968941479 0.001473779445
0.225229925261 0.034968888721 0.001475168427
0.225139856296 0.034968811377 0.001476227892
0.225053805289 0.034968776777 0.001477391560
0.225000000000 0.034968714013 0.001478252153
