0.523725672847 0.000000000000 0.045000000000
0.523878731029 0.000855897629 0.044991060228
0.524366024930 0.002059048478 0.044952294806
0.524750000000 0.003199086371 0.044602829745
0.524750000000 0.004656928683 0.043455175512
0.524750000000 0.005523093754 0.042684910512
0.524750000000 0.006905848800 0.041303596430
0.524750000000 0.007681465421 0.040502461729
0.524750000000 0.008274921531 0.039779120900
0.524750000000 0.009195625175 0.038530478303
0.524750000000 0.009848184638 0.037562412756
0.524750000000 0.010358703403 0.036911051699
0.524750000000 0.010856970694 0.036302166636
0.524750000000 0.011592060007 0.035475054925
0.524750000000 0.012442005819 0.034251160941
0.524750000000 0.012949004837 0.033473411567
0.524750000000 0.013705405545 0.032202701015
0.523951069073 0.014507667204 0.031851066023
0.522695522757 0.015577309294 0.031338404566
0.521512182152 0.016402386400 0.030918288127
0.519807821687 0.017264522654 0.030442172050
0.518250601327 0.017807437011 0.030130632918
0.516972017872 0.018114165067 0.029946258758
0.515329979361 0.018409609135 0.029766180205
0.514449241432 0.018586076635 0.029653280506
0.513381475501 0.018792842230 0.029526377020
0.512100810578 0.019008672984 0.029384581679
0.511156503477 0.019157854756 0.029289651262
0.509703329040 0.019362063458 0.029155860523
0.508526166037 0.019507869958 0.029058402861
0.507439037465 0.019623235697 0.028980255443
0.505781124327 0.019782228062 0.028868951787
0.503967122688 0.019950068176 0.028757315400
0.503060794581 0.020019990382 0.028705744729
0.501622943830 0.020130870393 0.028629159520
0.500125824319 0.020233212924 0.028555130430
0.498234446409 0.020354117282 0.028469652410
0.496424935232 0.020452631967 0.028398889917
0.494701060406 0.020539451313 0.028336535160
0.492370645285 0.020646430457 0.028261139134
0.491143811298 0.020694479149 0.028225245200
0.489694927412 0.020745765813 0.028186479289
0.487695026261 0.020815213624 0.028135091969
0.486171099296 0.020856711607 0.028104040003
0.484355653676 0.020902874820 0.028069317959
0.482554437455 0.020946270428 0.028037318371
0.481009294924 0.020980653704 0.028011808034
0.478951379671 0.021023550065 0.027980625494
0.477678595120 0.021043816286 0.027965791195
0.475545363195 0.021082724007 0.027937159699
0.474415175963 0.021101606048 0.027923271521
0.473300267634 0.021118264201 0.027910476699
0.471144272088 0.021146969100 0.027888175910
0.469942993644 0.021161047151 0.027877249431
0.467867242168 0.021179018324 0.027863350456
0.466614281130 0.021192643327 0.027852806514
0.464597836242 0.021212770602 0.027837227758
0.463288416451 0.021224294845 0.027828310468
0.461324150497 0.021239904683 0.027816228017
0.459969776145 0.021249053876 0.027809149180
0.458044237569 0.021257396305 0.027802693997
0.456659284153 0.021266876534 0.027795360700
0.454766700129 0.021278751633 0.027786174141
0.453347290812 0.021286344078 0.027780301226
0.451486033721 0.021295267174 0.027773398228
0.450040488774 0.021300859224 0.027769072748
0.448200648332 0.021304195626 0.027766499013
0.446719979845 0.021310795217 0.027761400259
0.444908163182 0.021318027314 0.027755705695
0.443371608286 0.021323127264 0.027751790726
0.441613273109 0.021328156383 0.027747821259
0.440027367773 0.021331625199 0.027745185906
0.438317344231 0.021332427482 0.027744592833
0.436715927297 0.021337212589 0.027740914410
0.435030199409 0.021341744978 0.027737411670
0.433408642916 0.021345051731 0.027734873883
0.431741076061 0.021347958727 0.027732624668
0.430104767733 0.021349754939 0.027731251447
0.428448036108 0.021348939670 0.027731846481
0.426829683000 0.021352258373 0.027729221600
0.425172789361 0.021355490768 0.027726807241
0.423583436202 0.021357502386 0.027725197466
0.421895896488 0.021359473020 0.027723764994
0.420339829611 0.021360238117 0.027723128654
0.418613238059 0.021358341376 0.027724610407
0.417064090175 0.021360907396 0.027722625347
0.415325262657 0.021363466177 0.027720646801
0.413768858485 0.021364914676 0.027719526113
0.412035749360 0.021366212115 0.027718523195
0.410476122348 0.021366540851 0.027718268641
0.408743111063 0.021364143878 0.027720122973
0.407185934128 0.021366269571 0.027718477383
0.405454846187 0.021368353659 0.027716868470
0.403892897897 0.021369422476 0.027716040301
0.402165137633 0.021370330412 0.027715341128
0.400602198079 0.021370344419 0.027715328919
0.398872498440 0.021367650515 0.027717419598
0.397291106522 0.021369629559 0.027715928413
0.395572973988 0.021371342689 0.027714524793
0.393951110613 0.021372277591 0.027713856168
0.392272011173 0.021372821357 0.027713370047
0.390613553257 0.021372662371 0.027713558525
0.388969295276 0.021370053290 0.027715546835
0.387335686401 0.021371606761 0.027714256343
0.385694299833 0.021373173135 0.027713136361
0.384102934511 0.021373705061 0.027712652221
0.382417997787 0.021374275247 0.027712320498
0.380872209043 0.021373854668 0.027712594175
0.379138540956 0.021370892129 0.027715019960
0.377611482128 0.021372464961 0.027713804005
0.375847900794 0.021373995913 0.027712605651
0.374312361288 0.021374597023 0.027712143205
0.372555910961 0.021375004808 0.027711815541
0.371015472260 0.021374631502 0.027712108264
0.369260127213 0.021371381251 0.027714582279
0.367739685131 0.021372793654 0.027713461723
0.365980783616 0.021374346129 0.027712358530
0.364489287214 0.021374826144 0.027711969549
0.362700142924 0.021375312057 0.027711702997
0.361240907265 0.021374908166 0.027712011171
0.359422006917 0.021371878827 0.027714699407
0.358001419747 0.021373269840 0.027713617878
0.356133688100 0.021374822987 0.027712423507
0.354712802490 0.021375371070 0.027711998030
0.352844132187 0.021375819250 0.027711663831
0.351426328155 0.021375531886 0.027711888924
0.349551158919 0.021372041956 0.027714608152
0.348129664826 0.021373438488 0.027713514893
0.346256899586 0.021374904946 0.027712314549
0.344815488812 0.021375437312 0.027711897430
0.342961361990 0.021375760720 0.027711589671
0.341503571408 0.021375410922 0.027711861248
0.339663929822 0.021372000063 0.027714494011
0.338208346916 0.021373383963 0.027713418357
0.336374897684 0.021374839715 0.027712291178
0.334916628083 0.021375325408 0.027711913605
0.333084582215 0.021375652421 0.027711663743
0.331627158613 0.021375244851 0.027711980526
0.329791214998 0.021371786991 0.027714670825
0.328343768623 0.021373130305 0.027713626857
0.326504614515 0.021374578927 0.027712529109
0.325061436796 0.021375033928 0.027712175938
0.323216738944 0.021375358088 0.027711952900
0.321781317814 0.021374938989 0.027712280221
0.319925360904 0.021371377876 0.027715067506
0.318511445941 0.021372668587 0.027714070419
0.316645028127 0.021374160524 0.027713003100
0.315251476932 0.021374577998 0.027712690102
0.313363408720 0.021374920420 0.027712522823
0.311993681315 0.021374501005 0.027712867804
0.310076849881 0.021370656148 0.027715918903
0.308706126081 0.021371922645 0.027714902416
0.306792480386 0.021373203004 0.027713766851
0.305384887028 0.021373610044 0.027713433095
0.303506784736 0.021373684193 0.027713249102
0.302065995849 0.021373190204 0.027713627347
0.300217122762 0.021369110411 0.027716596970
0.298777155787 0.021369981583 0.027715919738
0.296972487393 0.021370474713 0.027715554590
0.295536860474 0.021369827288 0.027716057625
0.293725660458 0.021368414195 0.027717174372
0.292300121611 0.021366281145 0.027718832863
0.290484158303 0.021362664344 0.027721791485
0.289150142762 0.021363322200 0.027721297430
0.287359868223 0.021364278803 0.027720738340
0.286066582397 0.021364326381 0.027720737992
0.284234656651 0.021364429937 0.027720862528
0.282984463394 0.021363918908 0.027721318512
0.281108570391 0.021361048101 0.027723199097
0.279942675381 0.021362662465 0.027722103202
0.278787878782 0.021363688148 0.027721366042
0.277965797038 0.021366933460 0.027720977534
0.276310744579 0.021362602070 0.027721232155
0.274880331606 0.021362255132 0.027722566046
0.273746245397 0.021361386447 0.027724131179
0.272766206916 0.021360181619 0.027724436891
0.271803457831 0.021361283378 0.027724577477
0.270946569715 0.021359548251 0.027725254335
0.269862870185 0.021357525829 0.027726230986
0.269119417767 0.021358045685 0.027726908701
0.267922442252 0.021354326067 0.027727824001
0.266811288839 0.021356343959 0.027728164861
0.266110753292 0.021355211318 0.027728108645
0.265113944588 0.021356275131 0.027727709522
0.264295782244 0.021357998811 0.027727291664
0.263429952889 0.021355458149 0.027727523348
0.262417150059 0.021354543943 0.027727511106
0.261590599878 0.021351998586 0.027729243403
0.260598116265 0.021348435037 0.027730973127
0.259544077627 0.021348626003 0.027732467728
0.258778512728 0.021348600034 0.027733286368
0.258091591298 0.021350228970 0.027733849969
0.256968403992 0.021345494554 0.027735216703
0.255978492401 0.021343507465 0.027737988333
0.254979669551 0.021337962680 0.027741403331
0.253800550437 0.021334903245 0.027745203244
0.253066363963 0.021327861883 0.027747399370
0.252411093040 0.021329947182 0.027749335008
0.251154250183 0.021324049927 0.027752724874
0.250084288796 0.021323076027 0.027753740773
0.249216118496 0.021319450161 0.027754662551
0.248174627097 0.021320534934 0.027755942057
0.247278058600 0.021315612017 0.027757058308
0.246533290545 0.021317936420 0.027758123644
0.245038743028 0.021310133706 0.027762779655
0.243809967356 0.021303755847 0.027767139006
0.242498338351 0.021298592519 0.027771917408
0.241531228803 0.021294364548 0.027775539755
0.240477618449 0.021290594195 0.027779574899
0.239253743386 0.021282700885 0.027784296154
0.238385321770 0.021277048614 0.027788988588
0.237595287851 0.021272519628 0.027793234984
0.236274768871 0.021265577438 0.027797998726
0.235061620833 0.021258123959 0.027804005494
0.234122470125 0.021246981300 0.027810665496
0.233070998344 0.021237670220 0.027819580860
0.231674435724 0.021219859167 0.027832275011
0.230382229983 0.021204802585 0.027844753718
0.229538279783 0.021188105887 0.027855395712
0.228825390985 0.021174056322 0.027868332276
0.227556313486 0.021133640807 0.027899107900
0.226289437165 0.021070574302 0.027946800875
0.225638896225 0.021028866658 0.027975827702
0.225000000000 0.020833017754 0.028584808583
0.225000000000 0.020472290641 0.029723183888
0.225000000000 0.020262948493 0.030311417200
0.225000000000 0.019905662129 0.031187888545
0.225000000000 0.019557279171 0.031952762769
0.225000000000 0.019185576112 0.032665913043
0.225000000000 0.018716006719 0.033514891840
0.225000000000 0.018304358169 0.034194445952
0.225000000000 0.017762353786 0.035030163668
0.225000000000 0.017377882795 0.035568346207
0.225000000000 0.016708444961 0.036445445382
0.225000000000 0.016185653386 0.037074598420
0.225000000000 0.015617592066 0.037703134856
0.225000000000 0.014957938989 0.038379685157
0.225000000000 0.014421349371 0.038885306885
0.225000000000 0.013693407126 0.039518260275
0.225000000000 0.013071611692 0.040008458545
0.225000000000 0.012622420882 0.040346082370
0.225000000000 0.012009314486 0.040784316083
0.225000000000 0.011486404022 0.041133357800
0.225000000000 0.011025047653 0.041422299814
0.225000000000 0.010421721461 0.041776359432
0.225000000000 0.009974281060 0.042020421543
0.225000000000 0.009650832667 0.042188355535
0.225000000000 0.009029306938 0.042491206316
0.225000000000 0.008508903251 0.042728826318
0.225000000000 0.008194036410 0.042866248432
0.225000000000 0.007716186743 0.043063113033
0.225000000000 0.007380426607 0.043192694036
0.225000000000 0.007075026969 0.043307537970
0.225000000000 0.006622922065 0.043467257106
0.225000000000 0.006176381046 0.043610659573
0.225000000000 0.005907346653 0.043692781636
0.225000000000 0.005546408611 0.043796791430
0.225000000000 0.005263309895 0.043873521544
0.225000000000 0.004887684378 0.043970175528
0.225000000000 0.004675743747 0.044020083094
0.225000000000 0.004433671753 0.044073013214
0.225000000000 0.004066103503 0.044149250453
0.225000000000 0.003860196847 0.044192211112
0.225000000000 0.003625944672 0.044238162641
0.225000000000 0.003348667197 0.044288811264
0.225000000000 0.003120117661 0.044325898012
0.225000000000 0.002878777617 0.044359743103
0.225000000000 0.002691148397 0.044383146107
0.225000000000 0.002519336779 0.044407401418
0.225000000000 0.002380290453 0.044425844642
0.225000000000 0.002214503242 0.044446827291
0.225000000000 0.002062373659 0.044466492278
0.225000000000 0.001883559538 0.044487547611
0.225000000000 0.001752060495 0.044500693041
0.225000000000 0.001614942301 0.044512806420
0.225000000000 0.001525250004 0.044520139134
0.225000000000 0.001380074783 0.044530981131
0.225000000000 0.001296167933 0.044536717108
0.225000000000 0.001147319255 0.044545083483
0.225000000000 0.001031301804 0.044550232751
0.225000000000 0.000974047389 0.044554128993
0.225000000000 0.000887035582 0.044558932523
0.225000000000 0.000826457123 0.044561949957
0.225000000000 0.000733894858 0.044566286942
0.225000000000 0.000665682302 0.044569281368
0.225000000000 0.000607725417 0.044571626207
0.225000000000 0.000530909167 0.044574422607
0.225000000000 0.000469541100 0.044576438090
0.225000000000 0.000422603791 0.044577841267
0.225000000000 0.000361846723 0.044579376481
0.225000000000 0.000317364014 0.044580347483
0.225000000000 0.000253597419 0.044581477417
0.225000000000 0.000220769689 0.044581986465
0.225000000000 0.000175930810 0.044582574827
0.225000000000 0.000128508194 0.044583087530
0.225000000000 0.000094418362 0.044583364985
0.225000000000 0.000033866878 0.044583744685
0.225000000000 0.000000000000 0.044583826418
