0.506568795710 0.000000000000 -0.035000000000
0.505838455153 0.001796038309 -0.034950490352
0.504853321115 0.002900404668 -0.034879417017
0.503672657100 0.003772953229 -0.034795053733
0.502389627047 0.004500052344 -0.034709411039
0.501161270555 0.005049362075 -0.034631387735
0.500106474482 0.005465690385 -0.034568899429
0.498405198653 0.006025383848 -0.034475523804
0.497449307489 0.006292989424 -0.034429005778
0.495593392288 0.006731169659 -0.034343706845
0.494028179101 0.007060151839 -0.034277214611
0.492715228646 0.007314841976 -0.034225185601
0.491272228167 0.007565394490 -0.034172315797
0.489754147951 0.007790763830 -0.034119501973
0.488329405374 0.007967278953 -0.034077732050
0.486677182602 0.008156389069 -0.034032981692
0.484814925717 0.008347761360 -0.033987696021
0.483566284283 0.008464147291 -0.033960154860
0.482500148988 0.008552804635 -0.033938687291
0.480434158055 0.008689216978 -0.033902636531
0.479081511926 0.008777027363 -0.033879226342
0.477278346020 0.008889318353 -0.033849455685
0.475672889916 0.008982665675 -0.033824707385
0.474113172508 0.009065861784 -0.033802650380
0.472282779698 0.009155838723 -0.033778795637
0.470929037910 0.009215878722 -0.033762877795
0.468905301820 0.009280289027 -0.033744867676
0.467619366877 0.009328125218 -0.033732125379
0.465542899695 0.009400579626 -0.033712825440
0.464392708277 0.009437700268 -0.033702937481
0.463307449790 0.009470292519 -0.033694073537
0.461153236868 0.009524952069 -0.033677912109
0.459977454575 0.009535039773 -0.033674929433
0.457894343642 0.009579381656 -0.033661818675
0.456644544679 0.009604672438 -0.033654340838
0.454640418156 0.009642137868 -0.033643263270
0.453316833984 0.009665590518 -0.033636328923
0.451381597412 0.009696688946 -0.033627133914
0.450006903447 0.009696706575 -0.033627128702
0.448105525110 0.009722324008 -0.033619554284
0.446689113586 0.009740995956 -0.033614033467
0.444838554535 0.009763214835 -0.033607463914
0.443374233692 0.009780407825 -0.033602380387
0.441568777148 0.009799401051 -0.033596764577
0.440075990833 0.009791933705 -0.033598972480
0.438282443999 0.009807837506 -0.033594270133
0.436767014605 0.009821450208 -0.033590245206
0.435007666355 0.009835642594 -0.033586048881
0.433459614967 0.009848324125 -0.033582299278
0.431731346279 0.009860862354 -0.033578592045
0.430168250832 0.009848320306 -0.033582300407
0.428438828396 0.009858932331 -0.033579162703
0.426864478968 0.009869113569 -0.033576152372
0.425159341694 0.009878844383 -0.033573275219
0.423561547202 0.009888498710 -0.033570420682
0.421879026117 0.009897367126 -0.033567798519
0.420274273583 0.009881638616 -0.033572449036
0.418582842327 0.009889292531 -0.033570185969
0.416973554091 0.009897315678 -0.033567813731
0.415300589341 0.009904567907 -0.033565669432
0.413673201507 0.009912377751 -0.033563360262
0.412017972731 0.009919233798 -0.033561333104
0.410388323782 0.009901501805 -0.033566576000
0.408719574264 0.009907447097 -0.033564818130
0.407089424257 0.009914128350 -0.033562842654
0.405435659828 0.009919937651 -0.033561124993
0.403790614971 0.009926603641 -0.033559154031
0.402151655941 0.009932278272 -0.033557476187
0.400507160651 0.009913341868 -0.033563075197
0.398851939144 0.009918281865 -0.033561614566
0.397209354910 0.009924135078 -0.033559883921
0.395567021266 0.009929090510 -0.033558418727
0.393911476324 0.009935050386 -0.033556656544
0.392282176323 0.009940021405 -0.033555186742
0.390628871560 0.009920364639 -0.033560998743
0.388981685619 0.009924727823 -0.033559708662
0.387331700337 0.009930094308 -0.033558121930
0.385696184074 0.009934558159 -0.033556802083
0.384034362491 0.009940103260 -0.033555162539
0.382410849108 0.009944667707 -0.033553812949
0.380752171863 0.009924723366 -0.033559709980
0.379109882912 0.009928577133 -0.033558570519
0.377455627887 0.009933401681 -0.033557144024
0.375823677785 0.009937228170 -0.033556012629
0.374159080925 0.009942085002 -0.033554576589
0.372537475826 0.009945884517 -0.033553453170
0.370913202791 0.009928422026 -0.033559310029
0.369401081390 0.009932549449 -0.033558102641
0.367616225748 0.009938282066 -0.033556425687
0.366116610150 0.009942216762 -0.033555274676
0.364319447630 0.009947792520 -0.033553643608
0.362831890338 0.009951535568 -0.033552548660
0.361038988580 0.009929983284 -0.033558869234
0.359531423904 0.009934054003 -0.033557678678
0.357742102129 0.009939693822 -0.033556029210
0.356246825881 0.009943511630 -0.033554912623
0.354445492479 0.009948917428 -0.033553331599
0.352961880247 0.009952483531 -0.033552288627
0.351164993644 0.009930783608 -0.033558646745
0.349660271947 0.009934766067 -0.033557482176
0.347868209430 0.009940321190 -0.033555857721
0.346375572079 0.009944058765 -0.033554764761
0.344571693733 0.009949386071 -0.033553206925
0.343090533872 0.009952879842 -0.033552185260
0.341290567516 0.009930980565 -0.033558584777
0.339785332836 0.009934882407 -0.033557443718
0.337993884007 0.009940338266 -0.033555848201
0.336500498454 0.009943995984 -0.033554778534
0.334697469486 0.009949222566 -0.033553250066
0.333215325458 0.009952637121 -0.033552251510
0.331416333634 0.009930637529 -0.033558678649
0.329909546104 0.009934447564 -0.033557564346
0.328119769252 0.009939781680 -0.033556004302
0.326624544459 0.009943339974 -0.033554963624
0.324823484951 0.009948433119 -0.033553474056
0.323339190744 0.009951740494 -0.033552506763
0.321542803644 0.009929663739 -0.033558965159
0.320034949656 0.009933342264 -0.033557889341
0.318246417156 0.009938495138 -0.033556382338
0.316749705006 0.009941892654 -0.033555388704
0.314950349795 0.009946765123 -0.033553963707
0.313464058840 0.009949882240 -0.033553052078
0.311670098077 0.009927632928 -0.033559568282
0.310161006098 0.009931124357 -0.033558547305
0.308373961613 0.009936027127 -0.033557113617
0.306875430871 0.009939198947 -0.033556186101
0.305078195593 0.009943769428 -0.033554849583
0.303589388238 0.009946621838 -0.033554015470
0.301796622803 0.009923890372 -0.033560646403
0.300279785773 0.009927055987 -0.033559720503
0.298500919028 0.009931508392 -0.033558418233
0.296993595111 0.009934303026 -0.033557600839
0.295205653713 0.009938356315 -0.033556415306
0.293706853957 0.009940779272 -0.033555706623
0.291919383523 0.009917123160 -0.033562513379
0.290374133245 0.009919684163 -0.033561763148
0.288624604139 0.009923063615 -0.033560773156
0.287086280023 0.009924737705 -0.033560282741
0.285330905788 0.009927122476 -0.033559584136
0.283797112989 0.009927901398 -0.033559355955
0.282049872782 0.009904398369 -0.033566511280
0.280535216942 0.009905467427 -0.033566199087
0.278756729193 0.009908111741 -0.033565428656
0.277248208385 0.009910391628 -0.033564763163
0.275462046472 0.009914495763 -0.033563566802
0.273963142443 0.009917986335 -0.033562548088
0.272126530619 0.009916477020 -0.033563033974
0.270658030398 0.009916136097 -0.033563123890
0.268843068331 0.009914854682 -0.033563653361
0.267415974626 0.009912885266 -0.033564233543
0.265561920125 0.009909434852 -0.033565406684
0.264171380462 0.009905914204 -0.033566449030
0.262189389168 0.009903831731 -0.033568536261
0.261118352935 0.009896262543 -0.033571353421
0.259995698554 0.009884118494 -0.033573976742
0.258200683546 0.009866004348 -0.033577660083
0.256702150032 0.009858867459 -0.033580270536
0.255291542574 0.009851345388 -0.033582322933
0.253963524597 0.009850791690 -0.033584941420
0.252436854634 0.009832380713 -0.033587850750
0.251053387530 0.009820666002 -0.033591983257
0.249812145932 0.009806426579 -0.033596170342
0.248636680414 0.009798997477 -0.033600208047
0.247219251197 0.009775865186 -0.033604919410
0.245661985537 0.009765412986 -0.033609307129
0.244660639418 0.009752004478 -0.033612136798
0.243166733479 0.009739277432 -0.033616656169
0.242101283097 0.009726487520 -0.033619917711
0.241091247171 0.009712185680 -0.033624173756
0.240026513016 0.009694048355 -0.033629020969
0.239240682807 0.009686137206 -0.033632936569
0.238827770780 0.009672575308 -0.033634993270
0.237883910269 0.009658386786 -0.033640164302
0.236545039530 0.009631210097 -0.033648578133
0.235766578004 0.009611969453 -0.033654016821
0.234849964308 0.009587138039 -0.033660915930
0.233812841554 0.009555392793 -0.033669364718
0.233322980355 0.009544080971 -0.033673483999
0.232772816901 0.009523717893 -0.033678540922
0.232240356661 0.009506409172 -0.033684109214
0.231660393487 0.009483483537 -0.033690581274
0.231077170597 0.009458291516 -0.033697704023
0.230511166070 0.009431669401 -0.033705243051
0.229504496318 0.009378058302 -0.033720092529
0.228915610908 0.009343550232 -0.033729665933
0.228378214080 0.009306080416 -0.033739661847
0.227853620180 0.009266907539 -0.033750798784
0.227453896952 0.009223579972 -0.033762328604
0.227104155386 0.009173776467 -0.033776330533
0.226469532669 0.009047745048 -0.033810053786
0.226053771489 0.008939446130 -0.033839020632
0.225371945033 0.008717798481 -0.033896227757
0.225000000000 0.008337847996 -0.034068625364
0.225000000000 0.007958269616 -0.034255012882
0.225000000000 0.007589368308 -0.034427684670
0.225000000000 0.007333672210 -0.034542817196
0.225000000000 0.006825078683 -0.034763543463
0.225000000000 0.006396020919 -0.034938775183
0.225000000000 0.006051522034 -0.035073109307
0.225000000000 0.005708820071 -0.035189997548
0.225000000000 0.005456380577 -0.035272379079
0.225000000000 0.005107916684 -0.035375387032
0.225000000000 0.004870510007 -0.035441736942
0.225000000000 0.004660857985 -0.035498665552
0.225000000000 0.004287325409 -0.035596515107
0.225000000000 0.004079408894 -0.035644925310
0.225000000000 0.003897345495 -0.035686239687
0.225000000000 0.003761383919 -0.035715177561
0.225000000000 0.003502805457 -0.035768280978
0.225000000000 0.003330940537 -0.035801239104
0.225000000000 0.003091588090 -0.035846227581
0.225000000000 0.002972440835 -0.035865922961
0.225000000000 0.002795144340 -0.035894310599
0.225000000000 0.002659524003 -0.035914604403
0.225000000000 0.002466176468 -0.035941665466
0.225000000000 0.002311384383 -0.035961579985
0.225000000000 0.002128035137 -0.035983252745
0.225000000000 0.001941571141 -0.036003600087
0.225000000000 0.001826645927 -0.036015410169
0.225000000000 0.001676210261 -0.036029439741
0.225000000000 0.001556923192 -0.036039709176
0.225000000000 0.001460128214 -0.036047419024
0.225000000000 0.001319852542 -0.036057767040
0.225000000000 0.001217647542 -0.036064501511
0.225000000000 0.001148000540 -0.036068842665
0.225000000000 0.001060888483 -0.036073872640
0.225000000000 0.000906715244 -0.036081781359
0.225000000000 0.000824939302 -0.036085470547
0.225000000000 0.000699566379 -0.036090457018
0.225000000000 0.000590767451 -0.036094106173
0.225000000000 0.000537530626 -0.036095670136
0.225000000000 0.000456634736 -0.036097775110
0.225000000000 0.000379160210 -0.036099420105
0.225000000000 0.000325592060 -0.036100427125
0.225000000000 0.000256521555 -0.036101429065
0.225000000000 0.000166791939 -0.036102453809
0.225000000000 0.000089971292 -0.036102923658
0.225000000000 0.000000000000 -0.036103160116
