0.225 -0.029284218519 -0.019167625284
0.225 -0.029579353901 -0.01980139144
0.225 -0.029993343934 -0.02076888362
0.225 -0.030320940503 -0.021586102452
0.225 -0.030630443455 -0.022465644346
0.225 -0.030952673193 -0.023416044748
0.225 -0.031178825839 -0.024141348419
0.225 -0.031567767442 -0.025546397083
0.225 -0.031765386625 -0.026371120998
0.225 -0.032062534401 -0.027824661784
0.225 -0.03220912858 -0.028758720282
0.225 -0.032403179799 -0.030112825866
0.225 -0.032511748668 -0.031110064773
0.225928147272 -0.032479054977 -0.03114604058
0.227200849 -0.032439024852 -0.031187627456
0.22866116371 -0.032405964278 -0.031222616784
0.229401698001 -0.032390886306 -0.031235517041
0.230184055364 -0.032384185503 -0.031245066968
0.231583740095 -0.032379503888 -0.031249685345
0.23302139099 -0.032371590951 -0.03125786386
0.233933558055 -0.032364859339 -0.031262393275
0.234869185529 -0.032363147445 -0.031266533132
0.236278327259 -0.032357167756 -0.031272041321
0.2376601147 -0.032353516322 -0.031276438148
0.238623071555 -0.032348857444 -0.031279026886
0.239578259854 -0.032348524913 -0.0312815518
0.24080425908 -0.032344086674 -0.031284796693
0.241902067226 -0.032342379221 -0.031287669002
0.242985456403 -0.032338480466 -0.031290541677
0.244194563739 -0.032336761973 -0.031293709534
0.245149001718 -0.032332661336 -0.031295540766
0.246129125086 -0.032334531364 -0.031296106278
0.247415890944 -0.03233384117 -0.03129679222
0.248819413235 -0.03233284761 -0.031298273315
0.249537290953 -0.032328869001 -0.03129940071
0.250337883155 -0.032330215776 -0.031300737299
0.251658843119 -0.032326530801 -0.031303605271
0.252734574238 -0.032325437019 -0.031304219991
0.254288078474 -0.032323603436 -0.031305005572
0.255620772238 -0.032323426405 -0.031305548592
0.256802280577 -0.032321748711 -0.031307046972
0.258301836108 -0.03232125998 -0.031309225367
0.259197990081 -0.032320969189 -0.031310576738
0.260279409708 -0.032318546719 -0.031311524095
0.261614363029 -0.032316429584 -0.031312997979
0.262438681078 -0.032317427033 -0.031314106339
0.264124767003 -0.032312981811 -0.031316284887
0.26581807684 -0.032312928661 -0.031317678654
0.266981479198 -0.032313091661 -0.031318616881
0.268683362881 -0.032309270249 -0.031321918115
0.269997514361 -0.032306030863 -0.031324145849
0.27184039034 -0.032304969627 -0.031326852748
0.273013290009 -0.032301250611 -0.031328374515
0.274252532022 -0.03230215938 -0.031329699625
0.275881422137 -0.032303640862 -0.03132339382
0.277752820718 -0.032299871234 -0.031327921338
0.279789004999 -0.03229941166 -0.031329419685
0.281462846746 -0.032298728867 -0.031330311432
0.283828714787 -0.032299663875 -0.031331404498
0.285174686338 -0.032300413584 -0.03133182131
0.286532382492 -0.032299565571 -0.031331406079
0.288786907718 -0.032298686149 -0.031330892618
0.290046865365 -0.032297805981 -0.031331783366
0.29207729779 -0.032296827034 -0.031332774027
0.293339560053 -0.032296279132 -0.031333328504
0.295368279835 -0.032295841193 -0.031333771631
0.296631660166 -0.03229562924 -0.031333986108
0.298659888952 -0.032295920012 -0.031333691778
0.299923321757 -0.032295316058 -0.031334303016
0.301950421806 -0.03229469035 -0.031334936271
0.303215383546 -0.032294290247 -0.0313353412
0.305241316881 -0.032293995035 -0.031335639973
0.306507081731 -0.03229380082 -0.03133583653
0.308532793695 -0.032294157896 -0.031335475147
0.309798513109 -0.032293704987 -0.03133593352
0.311823631458 -0.032293378035 -0.031336264415
0.313090217724 -0.032293206075 -0.031336438449
0.315114965955 -0.032293330951 -0.031336312067
0.316381424132 -0.032293442114 -0.031336199563
0.318406815407 -0.032294043526 -0.031335590898
0.319672718184 -0.032293548862 -0.031336091527
0.32169756723 -0.032293136887 -0.031336508472
0.322964532701 -0.032292887823 -0.03133676054
0.324988753626 -0.032292871326 -0.031336777236
0.326255911191 -0.032292870008 -0.03133677857
0.328280540918 -0.032293492201 -0.031336148872
0.329547120027 -0.032293102467 -0.031336543307
0.331571463868 -0.032292838007 -0.031336810956
0.332838779572 -0.032292670042 -0.031336980948
0.334862778802 -0.032292762065 -0.031336887815
0.336130045934 -0.032292817637 -0.031336831572
0.338154657467 -0.032293517733 -0.031336123032
0.339421177367 -0.03229316428 -0.031336480749
0.341445625789 -0.032292930472 -0.031336717376
0.342712814103 -0.032292765502 -0.031336884336
0.344736927342 -0.032292834789 -0.031336814213
0.346004116597 -0.032292859797 -0.031336788904
0.348028776829 -0.032293547415 -0.031336092992
0.34929520502 -0.032293269886 -0.031336373869
0.351319893414 -0.032293178869 -0.031336465983
0.352586665626 -0.032293130934 -0.031336514496
0.354611415482 -0.032293408489 -0.031336233593
0.355877719731 -0.03229359165 -0.031336048223
0.35790344454 -0.032294386017 -0.031335244275
0.3591687214 -0.032294129719 -0.031335503665
0.361194614955 -0.032294096881 -0.031335536899
0.362460106008 -0.032294102878 -0.031335530829
0.364486248918 -0.032294491566 -0.031335137453
0.365751025991 -0.03229476145 -0.031334864314
0.367778402045 -0.03229565212 -0.031333962902
0.369041936216 -0.032295434416 -0.031334183231
0.371069624135 -0.032295439214 -0.031334178375
0.37233328422 -0.032295461574 -0.031334155746
0.374361271028 -0.032295852976 -0.031333759623
0.375624206483 -0.032296116782 -0.031333492635
0.377653460028 -0.032297066447 -0.031332531515
0.378915003363 -0.032296956954 -0.031332642329
0.380944870589 -0.032297131574 -0.031332465603
0.382206166706 -0.032297256522 -0.031332339148
0.384236696623 -0.032297809602 -0.031331779397
0.385496913784 -0.032298170161 -0.031331414489
0.387529000406 -0.0322991924 -0.03133037992
0.388787653862 -0.032299094127 -0.031330479378
0.390820423593 -0.032299276152 -0.031330295159
0.39207880867 -0.032299406287 -0.031330163454
0.394112252465 -0.032299958367 -0.031329604715
0.395369557048 -0.032300318008 -0.031329240736
0.397404612459 -0.032301424089 -0.031328121314
0.398660162545 -0.032301440507 -0.031328104698
0.400696224569 -0.032301786537 -0.031327754494
0.401951145697 -0.032302005891 -0.031327532494
0.403988198055 -0.032302682086 -0.031326848144
0.405241766911 -0.032303105205 -0.031326419921
0.407280683 -0.032304332133 -0.031325178194
0.408532211791 -0.032304464644 -0.031325044085
0.410572514217 -0.032305017808 -0.031324484249
0.411822960746 -0.032305375515 -0.031324122228
0.413864747953 -0.032306297274 -0.031323189351
0.415113306728 -0.032306880847 -0.031322598739
0.417157459742 -0.032308281961 -0.031321180725
0.418403575247 -0.032308500453 -0.031320959599
0.420449463746 -0.032309222529 -0.031320228813
0.421694126492 -0.032309702983 -0.031319742564
0.423741938322 -0.032310857281 -0.031318574343
0.424984206833 -0.032311600188 -0.031317822476
0.427034900273 -0.032313211004 -0.031316192231
0.42827425361 -0.032313546906 -0.031315852277
0.430327108582 -0.032314452961 -0.031314935294
0.431564606647 -0.032315041831 -0.031314339322
0.433619774231 -0.032316369584 -0.031312995554
0.434854502211 -0.032317211617 -0.031312143365
0.436912963987 -0.032319059363 -0.031310273332
0.438144238938 -0.032319615719 -0.031309710266
0.440205570149 -0.03232088823 -0.031308422407
0.441434197329 -0.032321692822 -0.03130760811
0.443498629328 -0.032323385383 -0.031305895134
0.444723702907 -0.032324437913 -0.031304829909
0.446792200562 -0.032326637917 -0.03130260337
0.448013023203 -0.032327456329 -0.031301775086
0.450085316955 -0.032329219471 -0.031299990678
0.451302441703 -0.032330329876 -0.03129886688
0.453378973083 -0.03233259724 -0.031296572169
0.45459132127 -0.032333998453 -0.031295154055
0.456673129058 -0.032336712379 -0.031292407395
0.457880089052 -0.032337831935 -0.031291274335
0.45996685353 -0.032340190967 -0.03128888685
0.461168855638 -0.03234166718 -0.031287392832
0.463261248508 -0.032344658681 -0.031284365249
0.464456953588 -0.032346488792 -0.031282513064
0.466556186941 -0.032349928095 -0.031279032278
0.467744934102 -0.032351483645 -0.031277457966
0.469850813256 -0.032354737076 -0.031274165294
0.471032740789 -0.032356734925 -0.031272143348
0.473146291339 -0.032360802577 -0.031268026634
0.474319699614 -0.032363236965 -0.031265562884
0.476341860761 -0.032368554512 -0.031261400029
0.477805121271 -0.032370187331 -0.031257943902
0.479260266322 -0.03237308624 -0.031254114599
0.481367510881 -0.032377188794 -0.031248184716
0.483185935799 -0.032383277602 -0.031242383513
0.484927059082 -0.032388612426 -0.03123656163
0.486951663733 -0.032393703384 -0.031231984815
0.488311254145 -0.032396633522 -0.031231061815
0.48927169098 -0.032397764604 -0.031229474182
0.490595710168 -0.032402573626 -0.031225691175
0.491883913847 -0.032404605858 -0.031222309232
0.493025339517 -0.032408461481 -0.031219549535
0.494496124434 -0.032411143869 -0.031216475886
0.495871054635 -0.032419167302 -0.031208753669
0.49666339394 -0.032421410462 -0.031204549799
0.497406469844 -0.03242710316 -0.031200625317
0.498826658208 -0.03243362288 -0.031193053069
0.499943141565 -0.032442710443 -0.031182376083
0.5009042812 -0.032450782685 -0.031174117471
0.502360512625 -0.032461281463 -0.031163882248
0.503481861653 -0.032467140418 -0.031155318029
0.504686178024 -0.032479747881 -0.031144781255
0.505939969636 -0.032488050937 -0.031133707599
0.507088597077 -0.032500283395 -0.031123264729
0.508398128358 -0.032510378801 -0.031111389986
0.509733475949 -0.032521625118 -0.031100789812
0.510963719389 -0.032530286288 -0.031089876798
0.512363942465 -0.032546313142 -0.031075403493
0.513529582795 -0.032555935928 -0.031062135921
0.514564838798 -0.032571300571 -0.031049220326
0.516100251871 -0.032590034421 -0.031029349133
0.517950967431 -0.032617994446 -0.031000898067
0.518956698395 -0.032635854153 -0.030977204841
0.520097128286 -0.032672497026 -0.030942813534
0.521853349198 -0.03273349214 -0.030876113426
0.523287515283 -0.032799551503 -0.030807546159
0.52475 -0.032873630041 -0.030727220977
0.52475 -0.031409158023 -0.029013916676
0.52475 -0.03071260332 -0.028064388234
0.52475 -0.02958953505 -0.026283645164
0.52475 -0.029113593559 -0.025518458335
0.52475 -0.028598466878 -0.024654099687
0.52475 -0.02793341478 -0.023552971772
0.52475 -0.027640797468 -0.022931937931
0.52475 -0.027343327374 -0.022272455873
0.523842012249 -0.027423051559 -0.021741989366
0.522140002509 -0.027763164535 -0.021311274672
0.521118048994 -0.027928815823 -0.021091499984
0.519688601004 -0.028121530832 -0.020835203146
0.51839408574 -0.028260781478 -0.02064710793
0.516901004802 -0.028371504671 -0.020493219376
0.515637182302 -0.028450837512 -0.020381133985
0.514583554403 -0.028516530752 -0.020292456073
0.513318271327 -0.028584801874 -0.020192316841
0.512188763339 -0.028643606594 -0.020109657165
0.511003755453 -0.028698387192 -0.020030137231
0.509624789099 -0.028760208821 -0.019945991632
0.508715484969 -0.028790624719 -0.019894666461
0.507876482453 -0.028825799735 -0.019850386326
0.506526238854 -0.028869958032 -0.019783501066
0.505311417173 -0.028908130052 -0.019728808955
0.504328193837 -0.028933523447 -0.019687508277
0.503207310712 -0.02896583818 -0.019644876685
0.501767158927 -0.028995788657 -0.01959538477
0.500154173034 -0.029030342421 -0.019544184973
0.498487739745 -0.029063745931 -0.019494017159
0.496436409784 -0.029100893871 -0.019438966316
0.49415137984 -0.02914031026 -0.019383683516
0.492587521535 -0.029164890179 -0.019349493741
0.491033194621 -0.029183885226 -0.019318081678
0.488954842198 -0.029206673437 -0.019283778783
0.487584112397 -0.029220772117 -0.019262636075
0.485494643026 -0.029242574182 -0.019229740357
0.484207609018 -0.029255883522 -0.019209737473
0.482101087127 -0.029274970292 -0.019180865563
0.480850760065 -0.0292848943 -0.019165875952
0.478743707027 -0.029298254816 -0.019146376734
0.477615503264 -0.029304844297 -0.019136782515
0.476518982791 -0.029310551254 -0.019128024142
0.474340650792 -0.029323016193 -0.019108554619
0.473188340478 -0.029328985224 -0.019099226404
0.471042743224 -0.029338962312 -0.01908365105
0.469862435245 -0.029342988168 -0.019077540573
0.467695744678 -0.029349758822 -0.019067380644
0.466541319277 -0.029352994934 -0.019062519157
0.464404495959 -0.02936072046 -0.019050239023
0.46324099688 -0.02936449682 -0.019044243152
0.461140608739 -0.029370506269 -0.019034678559
0.459939927671 -0.02937260491 -0.019031477263
0.457821474384 -0.029375939361 -0.019026472167
0.456634899274 -0.029377576053 -0.019024001491
0.454527464955 -0.029382673471 -0.019015955454
0.453336129605 -0.029385238903 -0.019011905923
0.451245912319 -0.029389151863 -0.019005729715
0.45004247122 -0.029390016363 -0.019004282963
0.447986200269 -0.029391189087 -0.019002236174
0.446755722418 -0.029391787359 -0.019001219497
0.444684891392 -0.029395516517 -0.018995628358
0.443449037447 -0.029397469566 -0.018992661784
0.441357070474 -0.029400376831 -0.018988370028
0.44015032413 -0.029400615181 -0.018987930944
0.438089062092 -0.029400776759 -0.018987524415
0.436863933384 -0.029400799219 -0.018987431027
0.434805575976 -0.029403422164 -0.018983341974
0.433567004537 -0.029404811523 -0.01898116819
0.431511776954 -0.029406755205 -0.018978150012
0.430270815732 -0.02940669777 -0.018978297171
0.428197064319 -0.029406452471 -0.018978834402
0.426974774735 -0.029406223431 -0.018979257512
0.424932233604 -0.029408016102 -0.018976080086
0.423692533736 -0.029409006457 -0.018974395711
0.421695718004 -0.029410200371 -0.018972194951
0.420407211256 -0.029409834247 -0.018972779198
0.418399038392 -0.029409112666 -0.018973938809
0.417116202732 -0.029408608331 -0.018974741256
0.415108403571 -0.029410355649 -0.018971984445
0.413822300164 -0.02941133295 -0.018970443017
0.411820759633 -0.029412533493 -0.018968548273
0.410530336935 -0.029412008528 -0.018969375794
0.408527139778 -0.029411050032 -0.018970886571
0.407240518104 -0.02941040699 -0.01897190024
0.40520877858 -0.029412174265 -0.01896940148
0.403935990181 -0.029413104932 -0.018968037524
0.401873687739 -0.029414395568 -0.018966303344
0.400637660572 -0.029413818311 -0.018967206852
0.39858320208 -0.029412726769 -0.018968908773
0.397348780334 -0.029412045145 -0.018969977031
0.395291288862 -0.029413497868 -0.018967713733
0.394054194052 -0.029414249935 -0.018966537537
0.391997727379 -0.029415233801 -0.018965014825
0.390760112003 -0.029414662209 -0.018965966955
0.388684572934 -0.029413613283 -0.018967753501
0.387466067769 -0.029412956776 -0.018968844641
0.385430292596 -0.029413982966 -0.018966752648
0.384188979482 -0.029414573143 -0.018965660242
0.382209572606 -0.029415140429 -0.018964341911
0.380912508539 -0.029414370392 -0.018965457579
0.37897135421 -0.029412984902 -0.018967319055
0.377636260703 -0.029412118181 -0.018968609102
0.375700796707 -0.029413513774 -0.018966444771
0.37434149298 -0.029414367286 -0.018965109705
0.372406696459 -0.029415298922 -0.018963674192
0.371046971132 -0.029414585959 -0.018964823832
0.369088868711 -0.029413474203 -0.018966700171
0.367752112553 -0.029412672159 -0.018967996981
0.365814396339 -0.029413811258 -0.018965962559
0.364468876868 -0.02941456392 -0.018964726976
0.362568513883 -0.029415249711 -0.018963426439
0.361197748543 -0.029414377827 -0.018964705609
0.35941679752 -0.029412818692 -0.018966554035
0.357942623407 -0.029411904883 -0.018968063314
0.356195668264 -0.029413229817 -0.018965983507
0.354650198839 -0.029414294473 -0.018964329458
0.352912538743 -0.0294151814 -0.018962932843
0.351359228261 -0.029414296794 -0.018964308919
0.34961587791 -0.029413131949 -0.018966129376
0.348069473089 -0.02941208305 -0.018967761634
0.346324754374 -0.029413370026 -0.01896575228
0.344776284217 -0.029414398189 -0.018964151979
0.343037910984 -0.029415256086 -0.01896281123
0.34148511545 -0.029414345718 -0.018964229094
0.339742893671 -0.029413157973 -0.018966080063
0.338195786077 -0.029412098494 -0.018967730234
0.336440876826 -0.029413415196 -0.018965741223
0.334897506297 -0.029414414807 -0.01896416685
0.333131999529 -0.029415319755 -0.018962820679
0.331603639827 -0.029414424507 -0.018964217019
0.329837589536 -0.029413222358 -0.01896609042
0.328314445064 -0.029412180417 -0.018967715474
0.326550404485 -0.029413410871 -0.018965774176
0.325022501093 -0.029414380242 -0.018964267838
0.323268797454 -0.029415185926 -0.01896298998
0.321732283792 -0.029414275364 -0.018964411439
0.319976591055 -0.029413060833 -0.018966296296
0.31844361517 -0.029412000746 -0.018967950579
0.316698286183 -0.029413183327 -0.018966038192
0.3151547598 -0.029414167236 -0.018964526487
0.313431484491 -0.029414920274 -0.018963289784
0.311867610299 -0.029413963829 -0.018964797203
0.310152753481 -0.029412702199 -0.01896671494
0.308581943936 -0.029411579552 -0.018968481271
0.306866913234 -0.029412817766 -0.018966561019
0.3052854988 -0.02941382877 -0.018964985725
0.303573852115 -0.029414628374 -0.018963747531
0.301983072573 -0.029413586768 -0.018965282054
0.300198319873 -0.029412453302 -0.018967295759
0.298673740567 -0.02941131861 -0.01896903481
0.296870922581 -0.029412449464 -0.018967236728
0.295374614357 -0.029413287286 -0.018965931435
0.293582595562 -0.029413964867 -0.018964842654
0.292085506137 -0.029412966144 -0.018966438338
0.290349954773 -0.02941148516 -0.01896853185
0.288807828463 -0.029410334996 -0.018970393087
0.287067692362 -0.029411510389 -0.018968618005
0.285489833742 -0.029412434776 -0.018967158584
0.283739462357 -0.029413229036 -0.018965977794
0.282167977611 -0.029412168008 -0.018967526028
0.280286846504 -0.029411411955 -0.018969320057
0.278840722181 -0.029410823827 -0.018970341366
0.276890819223 -0.029410993607 -0.018970279699
0.27551517781 -0.029411058199 -0.018970226306
0.27353492859 -0.029411232636 -0.018970170611
0.272214978386 -0.029410390378 -0.018971738152
0.270162134108 -0.029409594336 -0.018973898127
0.268951648444 -0.029409143623 -0.018975025081
0.26730921664 -0.029410113487 -0.018974831604
0.265660838385 -0.029409541786 -0.018974384714
0.264414165679 -0.029409423805 -0.018973927826
0.262428888767 -0.029408297108 -0.018974320938
0.261096859854 -0.029407214912 -0.018975786169
0.259356309733 -0.02940552263 -0.018977507523
0.257631320442 -0.029406036919 -0.018979118566
0.256440899156 -0.029406116961 -0.01898022843
0.255145878094 -0.029404253966 -0.018981317198
0.253526282282 -0.029402455923 -0.01898270527
0.252284917824 -0.029403942588 -0.018983964323
0.250713158272 -0.029399258091 -0.018986035239
0.249480431687 -0.029401220569 -0.018987786808
0.248374877003 -0.02939745845 -0.018989016917
0.247189477218 -0.029399740612 -0.018990310249
0.245938161258 -0.029394744812 -0.018993127862
0.244695209878 -0.029395932638 -0.018995947134
0.243401028908 -0.029390900885 -0.018998856857
0.242530029817 -0.029392959984 -0.019000657755
0.241205979453 -0.02938898111 -0.019004064548
0.240320297582 -0.029389181207 -0.019007075625
0.23885954749 -0.029383517588 -0.019012112578
0.237666317809 -0.029383019971 -0.019016438098
0.236513217175 -0.029378005926 -0.019020680099
0.235642844819 -0.02937817114 -0.019023640364
0.234521505934 -0.02937379164 -0.019027912008
0.233669103815 -0.029372671917 -0.019031676544
0.232530173817 -0.029369496606 -0.019037226835
0.231328739843 -0.029364966902 -0.019043843302
0.230567086243 -0.029361166715 -0.019048576194
0.229764195942 -0.029356788143 -0.019056417805
0.228767013918 -0.029346649567 -0.019070667849
0.22772290234 -0.029334234506 -0.019091113077
0.226883506959 -0.029319873504 -0.019110736631
0.226109276042 -0.029307510642 -0.019132285118
0.225 -0.029284218519 -0.019167625284
