0.225 -0.027137592484 -0.022102011456
0.225 -0.027282335932 -0.022775901163
0.225 -0.027508228095 -0.023999471785
0.225 -0.02760794246 -0.024623160885
0.225 -0.027702130221 -0.02531793415
0.225 -0.02782657214 -0.026455817671
0.225 -0.027882809464 -0.027390791083
0.225 -0.027923612909 -0.028273556916
0.225 -0.027921880415 -0.029669802356
0.225 -0.027901129847 -0.030392822929
0.225 -0.0278400907 -0.031360344528
0.225 -0.027738151005 -0.032461440426
0.225 -0.027643190087 -0.033150136423
0.225 -0.027418233343 -0.034502012979
0.225 -0.027157810779 -0.035789163108
0.225070909144 -0.027129155778 -0.035902525958
0.226431191023 -0.027050760601 -0.035960560907
0.22751236984 -0.027003236733 -0.035996993414
0.228577977557 -0.026963499334 -0.036025916056
0.229795976686 -0.026934561146 -0.036048516268
0.230735979974 -0.026922301909 -0.036055906426
0.2316468296 -0.026920930396 -0.036058710908
0.233056804241 -0.026908045273 -0.036067668622
0.234324689864 -0.02689912 -0.036074827907
0.235331182232 -0.026890392885 -0.036079874671
0.236426642201 -0.026886158163 -0.036084540841
0.237594062521 -0.026878664575 -0.03608880953
0.238656019042 -0.026875970784 -0.036092045425
0.239793422059 -0.026869833157 -0.036095680942
0.240965882439 -0.026866242958 -0.036099371975
0.241960684242 -0.02685998974 -0.036102478565
0.242926037389 -0.026858073304 -0.036105442896
0.244077462655 -0.026853086814 -0.036107970841
0.245120432108 -0.026851999938 -0.036109712764
0.24605435699 -0.026849036393 -0.03611081064
0.247222333441 -0.02684832224 -0.036112580084
0.248321060918 -0.026844252804 -0.036113834398
0.249374060474 -0.026846268026 -0.036114074364
0.25064463212 -0.026845574395 -0.036113713657
0.251968849181 -0.026844779297 -0.036112671061
0.253240217964 -0.026846973373 -0.036111404388
0.254489955151 -0.026848318098 -0.036110119933
0.255971116267 -0.026852315519 -0.036108211494
0.257294381606 -0.026851003624 -0.03610948116
0.259501558708 -0.026848591298 -0.03611266696
0.260661284947 -0.02684602515 -0.036114544276
0.261597542648 -0.02684045203 -0.036117948173
0.262762515247 -0.026834367151 -0.036121839679
0.264288477816 -0.026826308379 -0.036126678738
0.265914638075 -0.026823069008 -0.036130726674
0.267351707126 -0.026822199646 -0.036131292731
0.2688271669 -0.026820746915 -0.036132305718
0.269816878478 -0.026821450443 -0.036133139715
0.271386080434 -0.026817709368 -0.03613377881
0.272561909048 -0.026818214828 -0.036134170332
0.2737739013 -0.026816891435 -0.036134633938
0.275068840139 -0.026814734083 -0.036135656326
0.276962698618 -0.026811666987 -0.03613660302
0.278508154678 -0.026811271777 -0.036137118051
0.280152902944 -0.026810515257 -0.036137143522
0.282161663333 -0.026806200979 -0.03614137213
0.283788782957 -0.026800134802 -0.03614621861
0.285794685398 -0.026800489671 -0.036144994547
0.287266929829 -0.026802193253 -0.036143639333
0.28912636135 -0.026803544945 -0.036141959517
0.290746393954 -0.026806535867 -0.036139941558
0.292447187028 -0.026801571098 -0.036143239467
0.294062791467 -0.02679429372 -0.036148641579
0.295741892007 -0.026796208702 -0.036147220052
0.297356724155 -0.026798601825 -0.036145443591
0.29903046432 -0.026800899266 -0.036143738157
0.300651115476 -0.026803679854 -0.036141674073
0.30232279353 -0.026799282982 -0.036144937955
0.303935538381 -0.026792023516 -0.036150326796
0.305617337935 -0.026793947967 -0.036148898239
0.307229488555 -0.026796360975 -0.036147107017
0.308905845929 -0.026798746506 -0.036145336192
0.310523989043 -0.026801622267 -0.036143201459
0.312197809632 -0.026797743813 -0.03614608051
0.313809150599 -0.026791205931 -0.036150933704
0.315491884683 -0.02679319672 -0.036149455904
0.317103140216 -0.026795609604 -0.036147664774
0.318780455332 -0.026797890079 -0.036145971934
0.32039747896 -0.02680059937 -0.036143960776
0.322072768845 -0.026796300147 -0.036147152171
0.323682097625 -0.026789271662 -0.036152369549
0.325366901347 -0.026791656607 -0.036150599159
0.326976550574 -0.026794453148 -0.036148523234
0.328654983925 -0.02679716931 -0.036146506974
0.330271404489 -0.026800307751 -0.03614417725
0.331946850947 -0.02679632892 -0.036147130812
0.333556337274 -0.02678950737 -0.036152194579
0.335240882481 -0.026791854878 -0.036150451978
0.336850762009 -0.026794641492 -0.036148383422
0.338528971199 -0.026797357274 -0.036146367445
0.340145631096 -0.026800521565 -0.036144018532
0.341820800492 -0.02679658022 -0.036146944267
0.3434305967 -0.026789776277 -0.036151994964
0.345114792042 -0.026792173302 -0.036150215606
0.346725085448 -0.026795017861 -0.036148104036
0.348402779617 -0.02679784549 -0.036146005033
0.350020092272 -0.026801129159 -0.036143567503
0.351694254457 -0.026797663471 -0.036146140149
0.35330570891 -0.026791476787 -0.036150732643
0.354987928883 -0.026793788921 -0.036149016301
0.356600080295 -0.026796521348 -0.036146987969
0.358276076882 -0.0267991918 -0.036145005641
0.359894884346 -0.026802292244 -0.036142704123
0.361567662509 -0.026798823798 -0.036145278817
0.36318057334 -0.026792761339 -0.036149779096
0.364861175102 -0.026795220923 -0.036147953299
0.366475055718 -0.026797992229 -0.036145896106
0.368149351767 -0.02680057568 -0.036143978361
0.369769696192 -0.026803488519 -0.036141816105
0.371441020187 -0.026800068689 -0.03614435471
0.373055527964 -0.026794197301 -0.036148713153
0.374734389794 -0.026796705851 -0.036146851009
0.376350152149 -0.026799666249 -0.036144653449
0.378022233344 -0.02680261982 -0.036142460957
0.379645314101 -0.026806037966 -0.036139923602
0.381313427361 -0.026802909229 -0.036142246123
0.382931372774 -0.026797127655 -0.036146537896
0.384606724213 -0.026799668527 -0.036144651758
0.386226059921 -0.026802702299 -0.036142399731
0.38789446876 -0.026805748695 -0.036140138333
0.38952135799 -0.026809302521 -0.03613750026
0.391185490149 -0.026806327902 -0.036139708377
0.392807592518 -0.026800687424 -0.036143895411
0.39447863374 -0.026803344486 -0.036141923023
0.396102424501 -0.02680650521 -0.036139576758
0.397766236774 -0.026809662217 -0.036137233251
0.399397863719 -0.026813342384 -0.036134501393
0.40105710861 -0.026810492484 -0.036136616928
0.402684236155 -0.026804958801 -0.036140724687
0.404350068777 -0.026807816989 -0.036138602999
0.405979318541 -0.026811196946 -0.036136093992
0.407637417352 -0.026814561892 -0.036133596129
0.409275020611 -0.026818475381 -0.036130691071
0.410928041393 -0.026815808142 -0.036132671014
0.412561605789 -0.026810448936 -0.036136649255
0.414220780852 -0.026813503157 -0.036134382048
0.415856941501 -0.026817112349 -0.036131702876
0.417507864301 -0.026820693137 -0.036129044789
0.419152925681 -0.026824864372 -0.036125948401
0.420798188919 -0.026822442039 -0.036127746546
0.422439816544 -0.026817351092 -0.036131525653
0.424090624907 -0.026820646504 -0.036129079406
0.425735465863 -0.02682454097 -0.036126188469
0.427377382344 -0.026828383771 -0.036123335884
0.429031795451 -0.026832872842 -0.036120003561
0.430667332729 -0.026830760914 -0.036121571286
0.432319056344 -0.026825980746 -0.036125119695
0.433959391194 -0.02682959914 -0.036122433692
0.43561512949 -0.026833882119 -0.036119254355
0.437245708096 -0.026838075952 -0.036116141193
0.438911926361 -0.02684299844 -0.036112487137
0.440535155705 -0.026841297125 -0.036113750056
0.442199687886 -0.026836946772 -0.036116979405
0.443826699513 -0.026840999326 -0.036113971117
0.445496337075 -0.026845815171 -0.036110396224
0.447112416652 -0.026850482983 -0.036106931218
0.448793772388 -0.026856003267 -0.036102833405
0.450401203977 -0.026854812598 -0.036103717262
0.452082180498 -0.026851037048 -0.036106519924
0.45369206662 -0.026855658299 -0.036103089482
0.455379599351 -0.026861197512 -0.036098977619
0.456976982517 -0.026866487031 -0.036095051107
0.458677890196 -0.026872821824 -0.03609034867
0.46026488192 -0.026872307236 -0.036090730658
0.461967180697 -0.026869336907 -0.03609293559
0.463554758846 -0.026874807697 -0.036088874519
0.465265819613 -0.026881545539 -0.036083872889
0.466838305035 -0.026887935811 -0.036079129268
0.468565681322 -0.02689580692 -0.036073286394
0.470124761295 -0.026896178677 -0.036073010432
0.4718560536 -0.026894138026 -0.036074525246
0.473413233962 -0.026901036522 -0.036069404361
0.475156626562 -0.026909593414 -0.036063052417
0.476694938883 -0.026917255645 -0.036057364597
0.478458291266 -0.026926881554 -0.0360502191
0.480089920514 -0.026929095106 -0.036049062553
0.482321282878 -0.02693144826 -0.036049229634
0.483580794037 -0.026940008077 -0.036042943977
0.485632190688 -0.02695503367 -0.036031910361
0.486860881439 -0.026964368581 -0.036025055536
0.488945293166 -0.026981267927 -0.036012645983
0.489774127746 -0.026979598198 -0.036012224616
0.491203179295 -0.026985118327 -0.036010926125
0.4919521988 -0.026982089848 -0.036009972566
0.493472250308 -0.026994573816 -0.036002610221
0.494841224468 -0.027005521807 -0.035994592167
0.496669358271 -0.027022375892 -0.035983192839
0.49691511205 -0.027024240372 -0.03598172835
0.498260149308 -0.027026792932 -0.035975890123
0.499152832524 -0.027036830319 -0.035971966345
0.500328373073 -0.027038063253 -0.035967239068
0.501231825801 -0.02705337314 -0.035959662957
0.502912464923 -0.027071082812 -0.035946148523
0.504599418014 -0.027088834506 -0.035932979541
0.505495481023 -0.027092519884 -0.035926246237
0.506396627952 -0.027107013992 -0.035919316106
0.508263439229 -0.02712712282 -0.035904023151
0.509916053545 -0.027145082017 -0.035890570452
0.510820232982 -0.027153120636 -0.035880235887
0.511756535153 -0.027174502533 -0.035868096365
0.513440140754 -0.027205927135 -0.035843590548
0.51503717868 -0.027241847114 -0.035816667348
0.516060048526 -0.027261913928 -0.035797818222
0.517281016347 -0.027290145268 -0.035779641631
0.518956699054 -0.027338617202 -0.035740776638
0.52038383509 -0.027403726875 -0.035692470989
0.521853349569 -0.027481860278 -0.03563119517
0.523783204615 -0.027616483964 -0.03552921687
0.52475 -0.027687451698 -0.035469491258
0.52475 -0.027167876311 -0.034452118151
0.52475 -0.026485188832 -0.032953741837
0.52475 -0.025875346868 -0.031391914515
0.52475 -0.025282497691 -0.02974201036
0.52475 -0.024698126667 -0.027892459903
0.52475 -0.024198554815 -0.026214020504
0.52475 -0.024070714178 -0.02540684524
0.523786891725 -0.024401786211 -0.025090548734
0.522059398074 -0.024890742156 -0.024601881566
0.520537430706 -0.025239250112 -0.024247343877
0.519352355125 -0.025461400743 -0.02401443821
0.518017142173 -0.025659134213 -0.023802405577
0.516653206194 -0.025816878801 -0.023631846463
0.515423054113 -0.02594019224 -0.023495997361
0.51453062591 -0.026020841858 -0.023403838546
0.513324937514 -0.026125611156 -0.023289509595
0.51235977754 -0.026196359496 -0.02320877793
0.511002396595 -0.026285786877 -0.023108884938
0.510050728036 -0.026342369451 -0.023044766294
0.508802778051 -0.026412501948 -0.022963898821
0.506949778288 -0.02650696213 -0.022853257292
0.505134471882 -0.026591611876 -0.022756162019
0.503855074233 -0.026645194333 -0.022694075393
0.502629345147 -0.026690885861 -0.022639794881
0.501300440372 -0.026732214488 -0.022587687417
0.498970241089 -0.02679794383 -0.022509548925
0.49711502617 -0.026845965402 -0.022452626141
0.495094201468 -0.026892479312 -0.022395592661
0.492692748405 -0.026948123934 -0.022333676164
0.491185838606 -0.026975399254 -0.022297615607
0.489171800373 -0.027011407238 -0.022254373659
0.487440281654 -0.027039181525 -0.022219633053
0.48561746462 -0.027067297099 -0.022185328426
0.484037427561 -0.027089345774 -0.02215824256
0.482275045642 -0.027111413618 -0.022131275531
0.480642422175 -0.027129468375 -0.022109026971
0.478920023445 -0.02714604494 -0.022088747365
0.477271932679 -0.02716222082 -0.022069202382
0.475594379415 -0.027175336418 -0.022053064403
0.473938839462 -0.027187183844 -0.022038437291
0.472301977356 -0.027197747983 -0.022025432604
0.470609396085 -0.027207552121 -0.02201331409
0.469003381887 -0.027215724832 -0.022003249324
0.467288402743 -0.027225511602 -0.021991241547
0.465732304277 -0.027232981361 -0.021982014963
0.463987264659 -0.027240673201 -0.021972563485
0.462472374006 -0.02724649952 -0.021965372586
0.460688645075 -0.027252652528 -0.021957827111
0.459208089675 -0.027256927822 -0.021952555393
0.457390431786 -0.027263222441 -0.021944825208
0.455934425236 -0.02726751466 -0.021939535338
0.45409178095 -0.027272428064 -0.021933479296
0.452654422054 -0.027275663567 -0.021929491701
0.450794955588 -0.027279320843 -0.0219249837
0.449371192833 -0.027281529255 -0.02192226189
0.447496235647 -0.02728546048 -0.021917309924
0.446059159828 -0.027288039289 -0.021914111713
0.444190121792 -0.027290913171 -0.021910402018
0.44272974292 -0.027292757679 -0.021908115239
0.440885407802 -0.027294614091 -0.021905667814
0.439397807618 -0.027295702236 -0.02190432395
0.437583777669 -0.027298326196 -0.021900960742
0.436097753045 -0.027299981769 -0.021898912727
0.434287863769 -0.027301736235 -0.021896715543
0.432802467667 -0.027302766371 -0.021895441204
0.43099305938 -0.027303758224 -0.021894187704
0.429505256562 -0.027304161728 -0.02189368913
0.427701443134 -0.027306197828 -0.021891256622
0.42625209687 -0.027307271049 -0.021889931898
0.424420523362 -0.027308588839 -0.021888493302
0.423015190374 -0.027309148365 -0.021887826636
0.421140527097 -0.027309834548 -0.021887191012
0.419776720841 -0.027309907622 -0.021887145412
0.417856348244 -0.027311325924 -0.021885528537
0.416502178864 -0.027312064442 -0.0218846188
0.414563806327 -0.027312913624 -0.021883573854
0.413212723849 -0.027313181776 -0.021883243777
0.411272170473 -0.027313356537 -0.021883029945
0.409921661454 -0.027313153439 -0.021883280597
0.407977372198 -0.027314026959 -0.021882084564
0.406600155099 -0.027314515567 -0.021881436333
0.404674178517 -0.027314910858 -0.021880749551
0.403261697044 -0.027314960506 -0.021880657525
0.401371833938 -0.027314745571 -0.021880739748
0.399921708303 -0.027314332876 -0.021881235568
0.398072201967 -0.027315229191 -0.02188001444
0.396617159856 -0.02731561843 -0.021879531826
0.394779075711 -0.027315972074 -0.021879076361
0.393321263791 -0.027315934793 -0.021879121859
0.391486721501 -0.027315749706 -0.021879333541
0.390024025421 -0.027315281569 -0.021879912786
0.388198406348 -0.027316318565 -0.021878755762
0.386782361376 -0.027316675461 -0.021878337489
0.384923026123 -0.027317222046 -0.021877942201
0.383561550327 -0.02731721729 -0.021878006857
0.381648359508 -0.027317255618 -0.021878274596
0.380339546212 -0.027316916047 -0.021878785757
0.37836761149 -0.027317644563 -0.02187806245
0.377065377754 -0.0273179961 -0.021877621353
0.37507437611 -0.027318330334 -0.021877182699
0.373768789786 -0.027318279393 -0.021877236915
0.371781945547 -0.027317999247 -0.021877554438
0.370470767798 -0.02731754082 -0.021878110424
0.368492590525 -0.027318148481 -0.021877462228
0.367209529798 -0.027318512971 -0.021877085055
0.36521117471 -0.027318991513 -0.021876724683
0.363963249265 -0.027319001709 -0.021876797478
0.361930505406 -0.027318896824 -0.021877167743
0.360715670472 -0.027318569278 -0.0218776681
0.358646703095 -0.027319010846 -0.021877266968
0.35744300567 -0.0273193804 -0.021876826262
0.355355942613 -0.02731977048 -0.021876377589
0.354157240724 -0.027319759812 -0.021876403037
0.352066004877 -0.027319485351 -0.021876768749
0.3508700116 -0.027319094188 -0.021877260427
0.348776546384 -0.02731933089 -0.021876949202
0.347585835537 -0.027319666707 -0.021876542008
0.345484976059 -0.027320003022 -0.021876139336
0.344296293604 -0.027319967129 -0.021876187128
0.342194237109 -0.027319644552 -0.021876590889
0.341005392422 -0.027319234851 -0.021877096159
0.338901684667 -0.027319402297 -0.021876838218
0.337701022816 -0.027319655586 -0.021876476055
0.335605206611 -0.02731982505 -0.021876147178
0.334389696775 -0.027319705812 -0.021876243959
0.332309546694 -0.027319236226 -0.021876701084
0.331077002988 -0.027318732896 -0.021877272007
0.329015775678 -0.027318981787 -0.021876918959
0.32778556053 -0.027319262152 -0.021876590785
0.325725435468 -0.027319522329 -0.021876311832
0.324501035932 -0.027319430377 -0.021876440498
0.322435905879 -0.027319060291 -0.021876934407
0.321215197206 -0.027318596 -0.021877519593
0.319145848305 -0.02731895323 -0.021877223979
0.317936157659 -0.027319266706 -0.021876891361
0.315858672673 -0.027319594602 -0.021876618231
0.314666974568 -0.027319544662 -0.021876734732
0.312572290534 -0.027319228097 -0.021877254517
0.31139638473 -0.027318821871 -0.021877810315
0.309284036548 -0.02731895345 -0.02187767752
0.308112555013 -0.027319239101 -0.02187732225
0.305989269608 -0.027319466183 -0.021877031189
0.304816786186 -0.027319368771 -0.021877144358
0.302695371735 -0.027318901389 -0.021877702606
0.30151958929 -0.027318416708 -0.02187828947
0.299400420561 -0.027318445277 -0.021878275998
0.298227297762 -0.027318658839 -0.021878038709
0.296102934705 -0.027318772699 -0.02187795345
0.294936416392 -0.02731861456 -0.021878171186
0.292806299623 -0.027318045145 -0.021878921624
0.291644140207 -0.027317515527 -0.021879593681
0.289503547176 -0.027317300458 -0.021879819084
0.288326588236 -0.027317374758 -0.021879673507
0.286187575175 -0.027317248863 -0.021879707033
0.284995665427 -0.027316977572 -0.02187998669
0.282872379369 -0.02731624273 -0.021880768121
0.281663455538 -0.027315614268 -0.021881488082
0.279553653898 -0.027315063677 -0.021881964502
0.278315596195 -0.027314822349 -0.021882164269
0.276228611187 -0.027314394487 -0.02188245672
0.274959162892 -0.027314142985 -0.021882681022
0.272903588186 -0.027313711841 -0.021882989884
0.271602696607 -0.027313449816 -0.02188323922
0.269581062679 -0.027312107532 -0.021884047672
0.268168256805 -0.027310551702 -0.02188574213
0.266288916392 -0.027308310389 -0.021887632613
0.264698943436 -0.027307298914 -0.021889064572
0.262995998264 -0.027305957634 -0.021890253284
0.261231209964 -0.027305576012 -0.021891303315
0.25963387544 -0.027302948056 -0.021892650526
0.257746443477 -0.02730517193 -0.021895395773
0.256598777615 -0.027300500345 -0.021897103377
0.255139960599 -0.027298220903 -0.02189955832
0.25356412308 -0.027295182989 -0.021902337761
0.251826220603 -0.027296626441 -0.021905801142
0.250652925617 -0.027291031885 -0.021906443997
0.249637885728 -0.027295510615 -0.021906997565
0.248001473703 -0.027292168798 -0.021908969208
0.246981154143 -0.027290713577 -0.02191246138
0.245465131307 -0.027285476913 -0.021917552649
0.244411617895 -0.027283569153 -0.021921156008
0.243051795556 -0.027280626711 -0.021924661607
0.241970195119 -0.027278620485 -0.021927096236
0.240884748975 -0.027276416687 -0.02192991753
0.239568620784 -0.027273696502 -0.021933944818
0.238718033069 -0.027269074235 -0.021936829611
0.237438187804 -0.027267867631 -0.021941754475
0.236560689226 -0.027262878617 -0.021945215499
0.235832400845 -0.027262901007 -0.021948354818
0.234429589589 -0.027256246568 -0.021955204567
0.233320192149 -0.027251543714 -0.021961477368
0.232298825053 -0.027245618961 -0.021967777625
0.231014063398 -0.027239858677 -0.021976644624
0.230223993072 -0.027231952184 -0.021983706137
0.229385241768 -0.027225183632 -0.021994559244
0.228261599618 -0.027208637205 -0.022013594912
0.227279333258 -0.027191991064 -0.02203533293
0.226300884918 -0.027170370284 -0.022060827494
0.225134626104 -0.027141869596 -0.022097343826
0.225 -0.027137592484 -0.022102011456
