0.225 -0.033441119016 0.010328712613
0.225 -0.033956694718 0.010666832191
0.225 -0.034274850551 0.010882210805
0.225 -0.034862364828 0.011289802603
0.225 -0.03528744711 0.011593180036
0.225 -0.036010053546 0.01211014327
0.225 -0.036569110575 0.012519304201
0.225 -0.03714129532 0.012939680384
0.225 -0.03786310237 0.013483961993
0.225 -0.038309449168 0.013840618544
0.225 -0.038860929629 0.014284418435
0.225 -0.039610516579 0.01490422266
0.225 -0.040287790175 0.015468782285
0.225 -0.040905589718 0.01600198201
0.225 -0.04166696102 0.016667332446
0.225527067454 -0.041758020169 0.016768914614
0.226330543034 -0.04175214561 0.016784574766
0.22723862013 -0.04174595607 0.016799320858
0.228320101272 -0.041741142331 0.016812702113
0.228974038416 -0.041737461468 0.016818831055
0.229602930068 -0.041736975473 0.016823128669
0.230766083192 -0.04173485678 0.016827702325
0.231657500029 -0.041733523624 0.016830497732
0.232675022836 -0.041732480582 0.016833719018
0.233577240929 -0.041731069417 0.016836565223
0.234583967852 -0.041730095541 0.016839771068
0.235496941334 -0.041728606496 0.016842668377
0.236637204533 -0.041727954824 0.016845678439
0.237655277679 -0.041726124565 0.016847471232
0.238807410773 -0.041725523854 0.016849064418
0.239690653719 -0.04172541238 0.01684994724
0.240976873782 -0.041724077268 0.016850814938
0.241727299614 -0.041725594041 0.016850988046
0.243274519112 -0.041723080079 0.016852398496
0.244310818116 -0.041724538873 0.016853736875
0.245840254322 -0.041721693706 0.016855147201
0.246937454556 -0.04172383314 0.016855322365
0.248444215077 -0.041721534828 0.016855600472
0.249488390169 -0.041723792865 0.016855513567
0.251132688446 -0.041720969111 0.016856822383
0.252890029824 -0.041721692143 0.016859102808
0.253990319431 -0.041721195273 0.016860597867
0.25527681678 -0.041719760725 0.016862362647
0.256867534479 -0.041718163106 0.016864121152
0.258106922569 -0.041720162189 0.016864485357
0.259888410127 -0.041717282572 0.016865614915
0.261565696691 -0.041717485175 0.016867151322
0.26294892316 -0.041717618983 0.016868226435
0.264037530152 -0.041718007791 0.016868986733
0.26600963211 -0.041715415373 0.016870080978
0.267745010855 -0.041716210426 0.016870845461
0.269164076924 -0.041716237513 0.016870473936
0.271131285726 -0.041716923299 0.016869498288
0.272449199112 -0.041717071641 0.016869368395
0.274496398802 -0.041717086547 0.016870136143
0.275736064015 -0.04171682587 0.016871105302
0.277859241819 -0.041716108077 0.016873746877
0.279022947341 -0.041715225329 0.016875776522
0.281147460591 -0.041713560758 0.016879792261
0.282317618235 -0.041712628504 0.016882040657
0.28443421369 -0.041710875603 0.016886269056
0.285612483557 -0.041709885382 0.016888656996
0.287720704939 -0.041708045489 0.01689309482
0.288904189477 -0.041709131177 0.016890287333
0.291024354304 -0.041711076245 0.016885615134
0.292191924445 -0.041711905476 0.016883623257
0.294318633127 -0.041712971357 0.016881062931
0.295481448408 -0.041713313044 0.016880242172
0.297610802789 -0.041713494033 0.016879807424
0.298776699073 -0.041713466197 0.016879950666
0.300903209006 -0.041713455877 0.01687997549
0.302068058789 -0.041713470697 0.016879939842
0.304194641009 -0.04171349994 0.0168798695
0.305359327443 -0.041713536372 0.016879781864
0.307486163956 -0.041713605099 0.016879616546
0.308650775215 -0.041713481716 0.016879913337
0.310777187884 -0.041713375017 0.016880169994
0.31194234901 -0.041713342397 0.01688024846
0.3140684349 -0.041713294805 0.016880362938
0.315233786648 -0.041713294548 0.016880363556
0.317359817854 -0.041713305917 0.01688033621
0.318525262283 -0.041713221173 0.016880540055
0.320650988292 -0.04171317426 0.016880652902
0.321816706492 -0.04171316891 0.01688066577
0.323942335476 -0.041713161341 0.016880683978
0.325108060066 -0.041713177535 0.016880645023
0.327233773165 -0.041713209224 0.016880568798
0.328399485748 -0.041713137719 0.016880740798
0.330524997236 -0.041713113597 0.016880798822
0.33169087856 -0.041713119985 0.016880783456
0.333816392043 -0.041713132672 0.016880752938
0.33498218659 -0.041713159207 0.016880689109
0.33710787152 -0.041713208628 0.016880570231
0.338273572283 -0.041713146256 0.016880720264
0.340399133711 -0.041713138611 0.016880738652
0.341564926926 -0.041713154163 0.016880701243
0.343690566851 -0.041713183438 0.016880630825
0.344856196558 -0.041713219182 0.016880544845
0.346982084895 -0.041713285303 0.016880385795
0.348147540481 -0.041713234291 0.016880508501
0.350273390473 -0.041713244433 0.016880484104
0.351438856559 -0.041713268107 0.01688042716
0.353564854077 -0.041713309726 0.016880327046
0.354730100189 -0.041713350593 0.016880228744
0.356856390043 -0.041713423632 0.016880053054
0.358021439783 -0.041713368611 0.016880185403
0.360147679979 -0.041713372254 0.016880176641
0.361312768834 -0.041713393711 0.016880125026
0.363439139091 -0.041713434528 0.016880026843
0.364604012325 -0.041713476291 0.016879926386
0.366730683662 -0.041713554215 0.016879738945
0.367895217504 -0.041713584609 0.016879665834
0.370023009109 -0.041714198496 0.01687818917
0.371184781936 -0.041714795185 0.016876753874
0.373317592561 -0.04171635971 0.016872990513
0.374472172964 -0.041717465859 0.016870329746
0.376614362649 -0.041719989912 0.016864258305
0.377761430034 -0.041718882921 0.016866921097
0.379901415907 -0.041717092323 0.016871228262
0.381056606847 -0.041716323085 0.016873078611
0.383190101773 -0.041715291524 0.016875559963
0.384350049014 -0.04171492859 0.016876432978
0.386480516811 -0.041714652388 0.016877097363
0.387641565388 -0.041714827846 0.01687667531
0.389772400885 -0.041715000153 0.016876260837
0.390932584014 -0.041715061491 0.016876113293
0.393064005023 -0.041715159856 0.016875876681
0.394223772668 -0.04171518091 0.016875826038
0.396355438729 -0.041715205064 0.016875767938
0.397514819987 -0.041715395279 0.016875310388
0.399647385339 -0.041715594841 0.016874830355
0.400805774867 -0.041715671748 0.016874645359
0.402939057067 -0.041715799951 0.016874336975
0.404096893689 -0.041715838081 0.016874245256
0.406230564441 -0.041715894649 0.016874109187
0.40738787185 -0.04171609891 0.01687361785
0.40952257996 -0.04171633072 0.016873060248
0.410678750714 -0.041716426448 0.016872829979
0.412814333767 -0.041716590971 0.016872434229
0.413969784 -0.041716650244 0.016872291653
0.416105932743 -0.041716747207 0.016872058415
0.417260672456 -0.041716971337 0.016871519285
0.419398045378 -0.04171724852 0.01687085254
0.420551444541 -0.041717370609 0.016870558863
0.42268991525 -0.041717586744 0.016870038964
0.423842356569 -0.041717675866 0.016869824588
0.425981644778 -0.041717830686 0.016869452179
0.427133128326 -0.041718075358 0.016868863636
0.429273856752 -0.041718398735 0.016868085774
0.430423793167 -0.041718546676 0.016867729911
0.432565838433 -0.041718812073 0.016867091517
0.433714590756 -0.041718928814 0.016866810703
0.435857686964 -0.04171913596 0.016866312428
0.437005223748 -0.041719421529 0.016865625512
0.439150093657 -0.041719834823 0.01686463136
0.440295680317 -0.041720032765 0.016864155223
0.442442294858 -0.041720395634 0.016863282366
0.443586252272 -0.041720566485 0.016862871397
0.445734380276 -0.041720878663 0.016862120472
0.446876669166 -0.041721204374 0.016861336996
0.449026947572 -0.041721685419 0.016860179875
0.45016698715 -0.041721908712 0.016859642759
0.452319227288 -0.041722298978 0.016858704
0.453457512261 -0.041722473901 0.016858283232
0.455611299175 -0.041722772916 0.016857563972
0.456748320515 -0.041722848874 0.016857381261
0.458902338276 -0.041722553026 0.016858092902
0.460040623375 -0.041722219768 0.016858894534
0.46219178515 -0.041721263475 0.016861194833
0.46333443436 -0.041720577498 0.016862844904
0.465479729134 -0.041718964278 0.016866725397
0.466625851324 -0.041720543539 0.016862926591
0.468777987865 -0.041723594554 0.016855587578
0.469910287754 -0.041725199119 0.016851727902
0.472076298551 -0.041728259733 0.016844365799
0.473194747952 -0.041729838732 0.016840567623
0.4753745852 -0.041732908764 0.016833182865
0.476481949578 -0.041732469475 0.01683422878
0.478664815418 -0.041732013758 0.016835323666
0.479773997262 -0.041731990402 0.016835379779
0.481956676164 -0.041732356604 0.016834499958
0.483064282833 -0.041732750456 0.016833553707
0.485250326951 -0.041733940943 0.016830693493
0.486279779065 -0.041735084541 0.016826700443
0.488169394722 -0.041736662223 0.016820564552
0.489351220029 -0.041737689449 0.016817430132
0.491086548391 -0.041738391193 0.016814016677
0.492424591582 -0.041739156456 0.016812138474
0.494001519394 -0.041739174298 0.016811041405
0.495481582013 -0.041741176495 0.016806610295
0.496707415855 -0.041742668769 0.016802561333
0.498283168671 -0.041746249077 0.016796686902
0.499276698578 -0.041748568653 0.016792438007
0.500149650331 -0.041750699425 0.016788452903
0.501846357437 -0.041752511032 0.016779920144
0.503160973864 -0.041754437094 0.016777677412
0.504365067528 -0.041753618832 0.016775603438
0.505815094819 -0.041757670346 0.016770877684
0.506597373408 -0.041754868484 0.016768762692
0.507808229129 -0.04175951453 0.016765360769
0.508829639735 -0.041756812827 0.016763029097
0.509912512489 -0.04176239497 0.016758282516
0.511502393067 -0.041763320169 0.016750504879
0.512763464869 -0.041767917863 0.016743066988
0.514169925196 -0.041771616894 0.016733200695
0.515759768171 -0.041778847645 0.016717512619
0.516780375344 -0.041779471422 0.016708241164
0.517827087274 -0.041785884147 0.016700105807
0.519530604717 -0.041794291345 0.016677914096
0.521113846429 -0.041806349246 0.016648488498
0.522143966698 -0.041812389069 0.016625774549
0.523201520222 -0.041825944797 0.01659919958
0.52475 -0.041842298084 0.016555524733
0.52475 -0.04093524963 0.01613362879
0.52475 -0.040114798726 0.015749502861
0.52475 -0.039353212807 0.015377698833
0.52475 -0.038443417752 0.014931267553
0.52475 -0.037836668107 0.014621973432
0.52475 -0.036808346199 0.014102811026
0.52475 -0.036350799265 0.013845158344
0.52475 -0.035476832734 0.01335992804
0.52475 -0.034985426082 0.013076780377
0.52475 -0.034170786575 0.012606100999
0.52475 -0.033646986986 0.012291148891
0.52475 -0.032927802622 0.011859037388
0.523643073273 -0.032992377366 0.011680235844
0.522245729966 -0.033060635303 0.011485334947
0.521009993169 -0.033110324628 0.011341759886
0.51987006766 -0.033146311575 0.011236496271
0.518913866647 -0.033172124783 0.011160253707
0.517613171435 -0.033200625726 0.011072495152
0.515870571491 -0.033230290958 0.010987109281
0.514867496934 -0.033243989538 0.010940171283
0.51309594605 -0.03327167158 0.010862391828
0.512178459239 -0.033279700577 0.010825054176
0.511293899313 -0.033294396581 0.010791884032
0.509612404476 -0.033311710068 0.010735275605
0.508450386764 -0.033322388089 0.010700691379
0.507475239555 -0.033331114467 0.010673593146
0.506186443615 -0.03334102889 0.010643768496
0.504329676795 -0.033353099652 0.01060347587
0.502682057784 -0.033364613598 0.010568486277
0.501125185337 -0.033374226801 0.010537356406
0.49979564302 -0.033380683578 0.010514395881
0.4983928268 -0.033387900689 0.010494865842
0.49718842439 -0.033394109722 0.010476835725
0.496173094631 -0.033399645471 0.010462220024
0.494150365839 -0.033406316988 0.010435298945
0.492779297945 -0.033411108977 0.010419187463
0.491115718013 -0.033416235922 0.010400753087
0.489434287245 -0.033422241497 0.010383597271
0.488022563247 -0.03342548459 0.010372514709
0.486122816252 -0.033429938635 0.010358421394
0.484745793926 -0.033433309637 0.010347755001
0.482810992227 -0.033438158452 0.01033241257
0.481471631491 -0.033441430167 0.010321646526
0.479392040573 -0.033446924816 0.010307296566
0.478209013946 -0.033448585033 0.01030194948
0.476086144343 -0.03345146327 0.010292949064
0.474925711225 -0.033453033846 0.010288037782
0.472784781323 -0.033455880011 0.010279137657
0.471641496466 -0.033457334402 0.010274470197
0.470473393829 -0.033458139829 0.010271477061
0.468318374854 -0.033458823396 0.010265931775
0.467078822236 -0.033459864417 0.010262410938
0.465032449449 -0.033461519913 0.010256811886
0.463782214573 -0.033462461935 0.010253625875
0.461745956178 -0.033463935001 0.01024864382
0.46048564951 -0.033465038341 0.010244912214
0.45845917201 -0.033466205923 0.010240963337
0.457190921283 -0.033466704427 0.010239277346
0.455170430137 -0.033467506623 0.010236564241
0.453896919223 -0.033468010631 0.010234859637
0.451881706352 -0.033468816288 0.010232134826
0.45060256534 -0.033469491195 0.010229852222
0.448593062154 -0.033470165394 0.010227572014
0.447309319888 -0.03347042243 0.010226702692
0.445303072287 -0.033470847599 0.010225264729
0.444016511298 -0.033471137161 0.010224285404
0.442013247161 -0.033471611448 0.010222681316
0.440723175873 -0.033472112986 0.010220985068
0.438723725378 -0.033472525631 0.010219589458
0.437430768019 -0.033472629114 0.010219239469
0.435432968527 -0.033472827726 0.010218567746
0.434138676987 -0.033472988229 0.010218024908
0.432142503495 -0.033473274443 0.010217056904
0.430845949811 -0.033473662611 0.01021574408
0.428852466933 -0.033473933506 0.010214827887
0.427553979043 -0.033473962124 0.010214731098
0.425561315154 -0.033474039877 0.010214468129
0.424262287852 -0.033474123081 0.010214186727
0.422270442309 -0.033474284486 0.010213640839
0.420969941003 -0.033474608976 0.010212543381
0.418980066128 -0.033474775237 0.010211981071
0.417678318496 -0.033474735894 0.010212114133
0.415688593047 -0.033474722373 0.01021215986
0.414386911429 -0.033474756041 0.010212045992
0.412397492505 -0.033474854137 0.010211714222
0.411094769572 -0.033475140344 0.010210746241
0.409106937239 -0.033475256135 0.010210354625
0.407803305871 -0.033475188559 0.010210583174
0.40581532003 -0.033475131843 0.010210774993
0.404512040596 -0.033475138435 0.010210752697
0.402524080793 -0.033475194871 0.010210561825
0.401220030018 -0.033475457678 0.010209672988
0.399233412693 -0.033475540949 0.010209391355
0.397928671706 -0.033475453662 0.010209686569
0.395941697176 -0.033475367937 0.0102099765
0.394637500845 -0.033475356748 0.010210014343
0.392650369152 -0.033475386962 0.010209912154
0.391345589307 -0.033475626907 0.010209100639
0.389359575855 -0.033475670994 0.010208951529
0.388054379907 -0.033475549092 0.010209363816
0.386067659489 -0.033475398443 0.010209873326
0.384763435508 -0.033475339945 0.010210071171
0.3827760658 -0.033475285807 0.010210254271
0.3814717227 -0.033475511615 0.010209490566
0.379485361684 -0.033475614036 0.010209144168
0.378180317987 -0.033475530596 0.010209426371
0.376193751931 -0.033475493439 0.010209552039
0.374888954894 -0.03347552895 0.010209431939
0.3729027475 -0.033475672835 0.010208945304
0.371697791461 -0.033476246598 0.010209369465
0.369655975865 -0.033477008739 0.010209764963
0.368501585337 -0.0334770249 0.010209709716
0.366364805972 -0.033477109766 0.010209419604
0.365209834872 -0.033477182422 0.010209171235
0.363073949075 -0.033477371699 0.010208524198
0.361920174571 -0.033477295137 0.010208837114
0.359783043286 -0.033477188233 0.010209256608
0.358630956491 -0.033477187173 0.010209260234
0.356491774282 -0.033477238347 0.010209085262
0.355339332743 -0.033477292366 0.010208900566
0.353200810942 -0.033477445714 0.010208376249
0.352048551007 -0.03347735864 0.01020869325
0.349909319959 -0.033477221515 0.010209182407
0.348758266767 -0.033477207061 0.010209231831
0.346617993311 -0.033477241979 0.010209112433
0.34546669291 -0.033477291753 0.01020894224
0.343327023358 -0.033477446003 0.010208414802
0.342174642041 -0.033477345223 0.010208744837
0.340034957634 -0.033477196502 0.010209238041
0.338883142901 -0.033477184318 0.010209279702
0.336743639193 -0.033477221185 0.010209153648
0.335591564811 -0.033477270819 0.010208983939
0.333452663906 -0.033477422424 0.010208465574
0.332300228091 -0.03347732568 0.010208799641
0.330160950012 -0.033477179372 0.010209303348
0.329009409908 -0.033477165409 0.010209351092
0.326869621361 -0.033477198804 0.010209236906
0.325717844977 -0.03347724651 0.01020907379
0.323578635083 -0.033477394413 0.010208568076
0.32242735861 -0.033477302487 0.010208905802
0.320287406912 -0.033477159363 0.010209419818
0.319137353574 -0.033477142402 0.010209477814
0.316996060628 -0.033477169727 0.010209384376
0.315845811708 -0.033477213958 0.010209233128
0.313705054323 -0.033477355137 0.010208750363
0.312553397863 -0.03347724387 0.010209097533
0.310413227008 -0.033477078805 0.010209626973
0.309261555968 -0.033477059391 0.01020969335
0.307121868898 -0.033477083081 0.010209612353
0.305970026936 -0.033477125823 0.010209466213
0.303830855597 -0.033477264917 0.010208990638
0.302663306994 -0.033477024766 0.010209398181
0.300532868644 -0.033476725038 0.010209987971
0.299358207902 -0.033476698585 0.010210078274
0.297241476568 -0.033476711888 0.01021003286
0.296066717759 -0.033476750488 0.010209901092
0.293950440086 -0.033476880952 0.010209455723
0.292787547439 -0.033476843851 0.010209861763
0.290665823272 -0.033476563849 0.010211119315
0.289509020412 -0.033476395412 0.010211694934
0.287373651216 -0.033476148073 0.010212540194
0.286218489204 -0.033476052407 0.010212867124
0.284081880086 -0.033475939207 0.010213253975
0.282820100898 -0.03347527313 0.010212964321
0.280741413819 -0.033474155495 0.010214088544
0.279443057501 -0.033474002005 0.010214610023
0.277450039882 -0.033473977791 0.010214699559
0.276152322337 -0.033474055742 0.010214438251
0.274159848707 -0.033474386141 0.010213328337
0.27290008656 -0.03347501271 0.01021521606
0.271791964393 -0.033475135288 0.01021633997
0.269745090805 -0.033473483812 0.01021590283
0.268334586846 -0.033473236171 0.010216143863
0.266601256931 -0.033472146941 0.010217027124
0.26487581954 -0.033472476426 0.010218573354
0.263474026985 -0.033473183522 0.010219171983
0.26240060621 -0.033474468053 0.010219213639
0.260406148746 -0.033472486746 0.010219071085
0.258938843702 -0.033472509077 0.010219652922
0.257421659476 -0.033471878685 0.010220612656
0.255626447516 -0.033472540735 0.010222264651
0.254523961338 -0.033473202441 0.010222676966
0.253266378004 -0.033472157765 0.010223124431
0.251800044779 -0.033471464752 0.010223960413
0.250891275433 -0.033473185489 0.010224743509
0.249174112273 -0.033470797019 0.010225994799
0.247813771451 -0.033470787765 0.0102274444
0.246615578657 -0.033471413532 0.010228190093
0.245565499892 -0.033471006693 0.010228765104
0.244093983989 -0.033469713316 0.01022993461
0.24319466617 -0.033471210705 0.010230951139
0.241572928834 -0.033468345998 0.010233056059
0.240143534463 -0.033470002391 0.010234446909
0.239633731374 -0.033467965716 0.010235387669
0.238484114331 -0.033469132523 0.010236803029
0.237644384805 -0.033468949439 0.010237852775
0.236854457241 -0.033468773639 0.010239162005
0.235478881718 -0.033467501049 0.010242134468
0.234596985798 -0.033466673603 0.010244529197
0.233543867776 -0.033465595164 0.010247496794
0.232911587938 -0.033465026462 0.010249360399
0.232441962982 -0.033465240097 0.010250686774
0.231510248652 -0.033463610571 0.010253619189
0.230853831449 -0.033463551523 0.010256032079
0.230109656927 -0.033461948896 0.01025898575
0.229263803783 -0.033461506245 0.010262796173
0.228644216394 -0.033459720569 0.010266073345
0.228116536846 -0.033459543503 0.010268963275
0.227403496747 -0.033457395888 0.010275635531
0.226649200891 -0.033453940483 0.010287354937
0.226201748373 -0.033450601854 0.010296315115
0.22579435255 -0.033448239787 0.010306037303
0.225 -0.033441119016 0.010328712613
