0.225 -0.031017535951 0.016213791273
0.225 -0.031468754179 0.016832298122
0.225 -0.031960012804 0.017561641837
0.225 -0.032489524873 0.018371100192
0.225 -0.032848173477 0.018946014213
0.225 -0.033417196852 0.019892169629
0.225 -0.033700111014 0.020390858716
0.225 -0.03416491284 0.021216174198
0.225 -0.034729928121 0.022311640237
0.225 -0.035093563871 0.023064140712
0.225 -0.035649262622 0.024293147181
0.225 -0.036016794684 0.025138454724
0.225 -0.036491255771 0.026329772464
0.226108796447 -0.036467902333 0.026363826093
0.227142376221 -0.036446866811 0.026390965451
0.228075200266 -0.036434360669 0.026410272612
0.229284752441 -0.036419699962 0.026429804361
0.2305631616 -0.036411332701 0.026442158625
0.231434843061 -0.036406360704 0.026446405972
0.232316539855 -0.036405115385 0.026450785631
0.233697821645 -0.036401220325 0.026456422655
0.235111185551 -0.036397376749 0.026461530852
0.235925985142 -0.036393346248 0.026464229454
0.236847275158 -0.036393308254 0.026466916523
0.238153642612 -0.036389843302 0.026470355022
0.239431650765 -0.036388099621 0.026473680644
0.240655822154 -0.03638482491 0.026476965097
0.242088503183 -0.036383124316 0.026480879288
0.24315809455 -0.036379038768 0.026483917195
0.244070993682 -0.036379226963 0.026486495264
0.245606200941 -0.036376628223 0.026488945163
0.247390074479 -0.036374315991 0.026492406033
0.248658929987 -0.03637109578 0.026492401474
0.249753287655 -0.036374548518 0.026492232856
0.251482366956 -0.036375050624 0.026492111156
0.253261490516 -0.036374887187 0.026492017948
0.254307340665 -0.036371234048 0.026492066165
0.256144935655 -0.03637387893 0.026491514097
0.257417253789 -0.0363760782 0.02649043778
0.258766447066 -0.036375603882 0.026488688661
0.260880915525 -0.036372371318 0.026491472747
0.262996098094 -0.036371111407 0.02649485631
0.264615006485 -0.036369324897 0.026498004136
0.266719018306 -0.036368124948 0.026502046126
0.267877808873 -0.036365229161 0.026504620061
0.269148996178 -0.036362383579 0.026507666103
0.271176897757 -0.036363392567 0.026507882166
0.272151157286 -0.036364251904 0.026505391603
0.273449454937 -0.036365522259 0.026503099251
0.274956533329 -0.036366352952 0.0265025003
0.276654137442 -0.036365501977 0.02650307589
0.278341392658 -0.036366382382 0.026502438547
0.279701152685 -0.036365972292 0.026501749597
0.280853177162 -0.036365746904 0.026503210238
0.282228643575 -0.036367094949 0.026503138177
0.283549860972 -0.036364283901 0.026502279918
0.285283547972 -0.036363402101 0.026502566575
0.287158953348 -0.036363477427 0.026504044339
0.288602353044 -0.036362452498 0.026505880506
0.290765174704 -0.036361600632 0.026509942643
0.29213244164 -0.036359017496 0.026513668045
0.293549746579 -0.036355305166 0.026517229734
0.295766130428 -0.036358765113 0.026514044169
0.296914752822 -0.036360053833 0.026512515959
0.298092198048 -0.036360564488 0.026511021531
0.300278448086 -0.036361304565 0.026508468538
0.301571925379 -0.036361387293 0.026507697674
0.303589885954 -0.036356748092 0.026513947279
0.304866839514 -0.036356966265 0.026513653372
0.30688231377 -0.036358070768 0.026512165463
0.308156648225 -0.036358907412 0.026511038396
0.310175396978 -0.036360210169 0.026509283413
0.311446618194 -0.036360647605 0.02650869413
0.313463461563 -0.036356095562 0.026514826321
0.314741428309 -0.036356356204 0.026514475203
0.316755991163 -0.036357545078 0.026512873636
0.318031116928 -0.036358447004 0.026511658625
0.320049220125 -0.036359866111 0.026509746904
0.321320921852 -0.036360392869 0.026509037292
0.32333750075 -0.036356020724 0.026514927138
0.324615645107 -0.036356209709 0.026514672551
0.326629856533 -0.036357253637 0.026513266245
0.327905519229 -0.036358069344 0.026512167382
0.329922921143 -0.036359369861 0.026510415417
0.331195456791 -0.036359849921 0.026509768713
0.333211329007 -0.036355683035 0.026515382049
0.33448992548 -0.036355983991 0.026514976622
0.336503900714 -0.036357185022 0.026513358677
0.337779604585 -0.036358086647 0.026512144072
0.339797126674 -0.036359502314 0.026510236986
0.341069405391 -0.036360037645 0.026509515825
0.343085597149 -0.036355893512 0.026515098509
0.344363860117 -0.036356189115 0.026514700294
0.34637815644 -0.036357380027 0.026513095981
0.347653550819 -0.036358277318 0.026511887213
0.349671379193 -0.036359693323 0.026509979672
0.350943342434 -0.03636023977 0.026509243536
0.352959949506 -0.036356208933 0.026514673596
0.354237677364 -0.036356540524 0.0265142269
0.356252555679 -0.036357753871 0.026512592364
0.357527350467 -0.03635865066 0.026511384274
0.359545761766 -0.036360046399 0.026509504032
0.360817184539 -0.036360560203 0.026508811872
0.362834216496 -0.036356417976 0.026514391988
0.364111462701 -0.036356931699 0.026513699937
0.366127259233 -0.036358506942 0.02651157788
0.367400653184 -0.036359643257 0.026510047117
0.369420973327 -0.036361432527 0.026507636739
0.370689998431 -0.036362161954 0.026506654106
0.372709433378 -0.036357810734 0.026512515762
0.373984754688 -0.036357937668 0.026512344766
0.376001785772 -0.036359039423 0.02651086056
0.377274441649 -0.036360030535 0.026509525404
0.379295375984 -0.03636181063 0.026507127384
0.380563694303 -0.036362664618 0.026505976953
0.382584000474 -0.036358393756 0.026511730357
0.383858090114 -0.036358889504 0.02651106252
0.385877024345 -0.036360459212 0.026508947919
0.387147279127 -0.036361602894 0.026507407232
0.389170773767 -0.03636342882 0.026504947472
0.390436560081 -0.03636420171 0.02650390629
0.392459332696 -0.036359930246 0.026509660505
0.393730954644 -0.036360428152 0.026508989761
0.395752368148 -0.036362010134 0.026506858626
0.397020119168 -0.036363172058 0.026505293364
0.399046174894 -0.036365051178 0.026502761947
0.400309318431 -0.036365872675 0.026501655283
0.402334834785 -0.036361678419 0.02650730549
0.403603611505 -0.036362225589 0.026506568381
0.405627969782 -0.036363882356 0.026504336502
0.406892680398 -0.036365088666 0.026502711445
0.408921879915 -0.036367052236 0.026500066262
0.410181762293 -0.036367935542 0.026498876334
0.41221067437 -0.036363847164 0.026504383909
0.413475917309 -0.036364460498 0.026503557669
0.415503942952 -0.03636621757 0.026501190666
0.416764859279 -0.036367481743 0.026499487661
0.418797986267 -0.036369553416 0.026496696848
0.420053794651 -0.03637051121 0.026495406576
0.422086932147 -0.036366537045 0.026500760291
0.423347782528 -0.036367244447 0.026499807328
0.425380396529 -0.036369151448 0.026497238352
0.426636534687 -0.036370502227 0.026495418677
0.428674636461 -0.03637273231 0.026492414466
0.429925258821 -0.03637379493 0.026490982979
0.4319637743 -0.03636995515 0.026496155661
0.433219045634 -0.036370778726 0.026495046198
0.435257487052 -0.036372879063 0.026492216771
0.436507550845 -0.036374344241 0.026490242986
0.438551992832 -0.036376791215 0.026486946595
0.439795987794 -0.036377994823 0.02648532518
0.441841373486 -0.03637431664 0.026490280168
0.443089530643 -0.036375282637 0.026488978845
0.445135393011 -0.03637762284 0.026485826288
0.446377733142 -0.036379225381 0.026483667458
0.44843022438 -0.036381940729 0.026480009533
0.449665812725 -0.036383321297 0.026478149728
0.451719980268 -0.036379933757 0.026482713184
0.452958956286 -0.036381106688 0.026481133094
0.455014480494 -0.036383838986 0.026477452334
0.456246647265 -0.036385686867 0.026474962999
0.458309921146 -0.036388916139 0.026470612751
0.459534045504 -0.036390631847 0.02646830147
0.461600242495 -0.036387613821 0.026472367142
0.462826623578 -0.036389121925 0.026470335531
0.464895347704 -0.036392272957 0.026466090683
0.466113879765 -0.036394243923 0.026463435535
0.468190971897 -0.03639757883 0.026458942983
0.469401181594 -0.036399309046 0.026456612159
0.471481803609 -0.036396912506 0.026459840608
0.472671632124 -0.036399138993 0.026457488679
0.474804505452 -0.036404751275 0.02645139605
0.475893176138 -0.036406804374 0.026447710299
0.477046886373 -0.03640941088 0.02644337735
0.479113304649 -0.036414852472 0.026434411039
0.480431996305 -0.036416898322 0.026433207815
0.481601393248 -0.036418600227 0.026432235667
0.483496522597 -0.036416272018 0.026432184497
0.484723672125 -0.036416439344 0.026431382641
0.486355557125 -0.036416646645 0.026429374038
0.487841949037 -0.036419309683 0.026426614741
0.489012410123 -0.036424354228 0.026423354524
0.490107047123 -0.036426193933 0.026419656637
0.491261068947 -0.036431169172 0.026415299848
0.492448909821 -0.036432792416 0.026412667229
0.494673136727 -0.036437229102 0.026405806481
0.49600371412 -0.036440914916 0.026400513774
0.497389479859 -0.036446540581 0.026393528963
0.498514511442 -0.036447831179 0.026386471337
0.499590189191 -0.036456923911 0.026379048376
0.500821297607 -0.036457367938 0.026373888233
0.502041605731 -0.036463512624 0.026369242716
0.503478625398 -0.036466093806 0.026363176414
0.504833326018 -0.036472755458 0.026356377037
0.506279050201 -0.036477122982 0.026347525179
0.50783688149 -0.036486271845 0.026337563842
0.509096543648 -0.036487714156 0.026332016943
0.510236584105 -0.036494220772 0.02632670233
0.511658194136 -0.036500103134 0.026317067949
0.513268176436 -0.03651631462 0.02629658904
0.514299306885 -0.03652290862 0.026282256652
0.51520540251 -0.036536839498 0.026268583752
0.517025598902 -0.036554389896 0.026243658257
0.518833936863 -0.036577548726 0.026211478261
0.519922249456 -0.036592269129 0.026185852214
0.521133641206 -0.036620115643 0.026151573328
0.522818899811 -0.036657465149 0.026096522361
0.524271870821 -0.036699834301 0.02603890321
0.52475 -0.036244155461 0.025612484664
0.52475 -0.035480040421 0.024930922054
0.52475 -0.034882239882 0.024392191134
0.52475 -0.034138933823 0.023694104004
0.52475 -0.033517520725 0.023097554372
0.52475 -0.032430762354 0.021991118916
0.52475 -0.031999993136 0.021515673314
0.52475 -0.031642511404 0.021104093297
0.52475 -0.031263834724 0.020652411075
0.52475 -0.030622458004 0.019874544105
0.52475 -0.03022065126 0.019361691609
0.52475 -0.029635448107 0.018614761692
0.523175286266 -0.029871695858 0.018237957965
0.522040588343 -0.030006445773 0.018015210407
0.520687174363 -0.030141768877 0.017787778414
0.519438134989 -0.030247119317 0.017608427048
0.517974594152 -0.030343935789 0.017440953876
0.516819866538 -0.03040230579 0.017336090737
0.5153940015 -0.030465308782 0.01722817073
0.514375059964 -0.030503272809 0.017155302159
0.513498956435 -0.030539754575 0.017096865807
0.511927511514 -0.03059392149 0.016999619448
0.510403238615 -0.030640807679 0.016914916321
0.509433985045 -0.030662965456 0.016866980477
0.508246778718 -0.030695473018 0.016815295926
0.507196399767 -0.030718923608 0.016769411009
0.506285073116 -0.030741001699 0.016732361369
0.504828859367 -0.030770886625 0.016677484221
0.503290509451 -0.030798912682 0.016625841322
0.502456680953 -0.03081048246 0.016600385188
0.500929216471 -0.030836691615 0.016554126653
0.499970783257 -0.030851854533 0.016527147537
0.498964648894 -0.0308649522 0.016500889087
0.497481182939 -0.030882864312 0.016465264198
0.495750990347 -0.030904677009 0.01642735523
0.494724778302 -0.030914144304 0.016407264055
0.493392472285 -0.030927006119 0.016382223801
0.491700680457 -0.030942205994 0.016352046449
0.490013509611 -0.03095739121 0.016324725329
0.488673528033 -0.030968524349 0.016304291692
0.486752566839 -0.030984229151 0.016277886863
0.485574285017 -0.030990822023 0.016262722621
0.48426349412 -0.030997368057 0.016249397513
0.482320589717 -0.031006881417 0.016229560256
0.480768864301 -0.031015116148 0.016213919036
0.479067027543 -0.031023811782 0.016196630497
0.477274000363 -0.031033764414 0.016178668146
0.475808599044 -0.031040976977 0.016165150023
0.473663767304 -0.031048726658 0.016153368675
0.47246314595 -0.03105205501 0.016147801851
0.471227458831 -0.031053462994 0.016143229863
0.469122068875 -0.031055154895 0.016136766602
0.467595568257 -0.031056868289 0.01613323499
0.465778532885 -0.031057688803 0.01613011383
0.464129492689 -0.031062258824 0.016121307876
0.462498439987 -0.031066789079 0.016112578547
0.460827597201 -0.031070758168 0.016104930528
0.459216067611 -0.031074049301 0.016098588857
0.457528722503 -0.031076819051 0.016093251839
0.455930722803 -0.031078910098 0.016089222608
0.454232401435 -0.031080818577 0.01608554517
0.452644043568 -0.031082693711 0.016081931981
0.450936474456 -0.031084499984 0.016078451482
0.449356755299 -0.031085985696 0.016075588669
0.447641529813 -0.031087388424 0.016072885759
0.44606849161 -0.031088490297 0.016070762565
0.444347435832 -0.031089590187 0.016068643192
0.442779916581 -0.031090743575 0.016066420733
0.441053242782 -0.031091871922 0.016064246527
0.439491033485 -0.031092748175 0.016062558079
0.437759764486 -0.031093576688 0.016060961621
0.4362014385 -0.031094178118 0.016059802728
0.434466895049 -0.031094789967 0.016058623758
0.432911733737 -0.031095519446 0.016057218128
0.431173738931 -0.031096234663 0.01605583998
0.429621899335 -0.031096756126 0.016054835175
0.427881126082 -0.031097240818 0.016053901223
0.426331522875 -0.031097555242 0.016053295361
0.424588978345 -0.031097871522 0.016052685922
0.423041144222 -0.031098352589 0.016051758958
0.42129643765 -0.031098819433 0.016050859398
0.419750740768 -0.031099129915 0.016050261131
0.418004345647 -0.031099405148 0.016049730787
0.416459889136 -0.03109954546 0.016049460419
0.414712629159 -0.031099687737 0.016049186267
0.413169117351 -0.03110002546 0.016048535509
0.411420446688 -0.031100346479 0.016047916939
0.409878381834 -0.031100534736 0.016047554187
0.408128658881 -0.031100686639 0.016047261486
0.406587251857 -0.031100725595 0.016047186423
0.404837197758 -0.03110076309 0.016047114173
0.403296245033 -0.031101015865 0.016046627102
0.401545228128 -0.031101250022 0.016046175905
0.400005312674 -0.031101366246 0.016045951955
0.398253619819 -0.031101445286 0.016045799652
0.396714019046 -0.031101425 0.016045838741
0.394962311842 -0.031101398114 0.016045890548
0.393422881108 -0.031101609432 0.016045483361
0.39167043038 -0.031101813875 0.01604508942
0.390131901595 -0.031101921748 0.01604488156
0.388378822881 -0.031102008485 0.016044714428
0.386840648154 -0.031102012943 0.016044705838
0.385087347943 -0.031102096088 0.016044545624
0.383550184244 -0.031102741467 0.016043302047
0.381794100104 -0.031103614824 0.01604161918
0.380261025013 -0.031104523163 0.016039868906
0.378500146957 -0.031105702902 0.016037595671
0.376972567802 -0.031106871547 0.016035343813
0.375308082228 -0.031106151783 0.016036487688
0.373739712638 -0.031105916196 0.016038075716
0.372318356253 -0.031105220587 0.016039260622
0.370522451574 -0.031105811634 0.016040532474
0.369327809143 -0.031106040896 0.016041178426
0.367701216351 -0.031107202884 0.016041847723
0.366243146026 -0.031106754551 0.016042054117
0.365112944003 -0.031106786031 0.01604196552
0.362957766983 -0.031106752614 0.016041967245
0.361822941065 -0.031106706343 0.016042025595
0.359672749294 -0.031106523427 0.016042309613
0.358532680215 -0.031106399154 0.01604251551
0.356388596442 -0.03110632921 0.016042639658
0.355242680877 -0.031106442352 0.0160424159
0.353099214205 -0.031106531709 0.016042225369
0.351951987002 -0.031106537072 0.016042205122
0.349810362001 -0.031106424745 0.016042395435
0.348660951159 -0.031106322543 0.016042578359
0.34652025568 -0.031106257936 0.016042697124
0.34536956788 -0.031106389349 0.016042456574
0.34322673162 -0.031106508898 0.016042247282
0.342077957316 -0.031106527191 0.016042220371
0.339933760346 -0.031106437089 0.016042406949
0.338785990484 -0.031106343062 0.016042592118
0.336641320696 -0.031106278739 0.016042714637
0.335494621222 -0.031106399129 0.016042485654
0.333350089673 -0.031106497186 0.016042296825
0.332203577687 -0.03110650368 0.01604228283
0.330059410989 -0.031106389185 0.016042495219
0.328912172216 -0.031106282279 0.016042695285
0.326770089829 -0.031106198224 0.016042844297
0.325621671479 -0.031106309596 0.016042621794
0.323481548433 -0.031106393313 0.016042437349
0.32233142362 -0.031106396562 0.016042419054
0.320193537099 -0.031106278578 0.016042615562
0.319040833221 -0.031106173852 0.016042801273
0.316901736504 -0.031106069133 0.016042974299
0.315749379355 -0.031106188907 0.016042765989
0.313607039625 -0.031106290595 0.016042612605
0.312458127231 -0.03110630153 0.016042609859
0.310312844038 -0.0311062023 0.016042835698
0.309166527 -0.031106105429 0.016043036453
0.307004356167 -0.031106165969 0.016043192052
0.305868652396 -0.031106400773 0.016042987969
0.304008302447 -0.03110672033 0.016042815514
0.302567639491 -0.0311065153 0.016042854037
0.301439617504 -0.031106329576 0.01604295505
0.299266514128 -0.031105882379 0.016043305456
0.298103877265 -0.031105632088 0.016043546076
0.295979391468 -0.031105586286 0.016044003052
0.294849834677 -0.031105367313 0.016044616234
0.292698585404 -0.031104609031 0.016046512395
0.291597403676 -0.031104037304 0.016047847052
0.290510678399 -0.03110328196 0.016049414849
0.288348757993 -0.031101048459 0.016053271411
0.28720159883 -0.03110270971 0.016049176717
0.285933728393 -0.031103723594 0.016045715781
0.28383844256 -0.031104028413 0.016042365786
0.282319450463 -0.031104174206 0.016041869252
0.280470575068 -0.031102653688 0.016043317703
0.27871171358 -0.031101267246 0.016046942353
0.277087873849 -0.031101038347 0.016047894311
0.275454486353 -0.031099771807 0.0160494018
0.2735147931 -0.031102177752 0.016048338245
0.272273957273 -0.031104323753 0.016046252938
0.271144527639 -0.031105455347 0.016043664664
0.269116074066 -0.031106364646 0.016037392998
0.267522488636 -0.031108122139 0.016034152725
0.265863380757 -0.031104427198 0.016039740448
0.263797253379 -0.031105017834 0.016045622253
0.262699461202 -0.031101251741 0.0160482136
0.261226982774 -0.031099236486 0.016051139115
0.259534843452 -0.031096792012 0.016053907333
0.258027420925 -0.031098933202 0.016056038618
0.256544564315 -0.031094490313 0.016058356722
0.255564828605 -0.031097810697 0.016059900228
0.253702747749 -0.031093343901 0.016063371834
0.251842399159 -0.031094069758 0.016067119983
0.250892579474 -0.031091219737 0.01606899646
0.249389149866 -0.031090866721 0.01607120514
0.248291442885 -0.031091032894 0.016071782587
0.247028372894 -0.031089957796 0.016072585707
0.245795202301 -0.031090347541 0.016073562474
0.244667027204 -0.031089049368 0.016074565143
0.243272744493 -0.031086897788 0.016077851275
0.242369220649 -0.031086871261 0.016080221076
0.240953144775 -0.031083361436 0.016082998902
0.239506328358 -0.031084150872 0.016085973912
0.238745561051 -0.031081972814 0.016087454117
0.237597328151 -0.03108094733 0.016089774586
0.236538004586 -0.031080367332 0.016091893292
0.235642102768 -0.03107962685 0.016094221001
0.234501742017 -0.0310764953 0.016099153955
0.233748574128 -0.03107527907 0.016102719947
0.23258441003 -0.031071507207 0.016108586133
0.231853060874 -0.031070237478 0.0161125725
0.230667325704 -0.031065827501 0.016119394248
0.229930740815 -0.031064502466 0.016123994224
0.228889575829 -0.031059189559 0.01613264867
0.228061678976 -0.031054097543 0.016143454691
0.227183467371 -0.031046244782 0.016158049281
0.226052266422 -0.031034268966 0.016182473185
0.225523439764 -0.031025142638 0.016197313117
0.225 -0.031017535951 0.016213791273
