0.225 -0.034968745476 -0.00147750621
0.225 -0.035043227592 -0.001483629383
0.225 -0.035195687429 -0.001496173609
0.225 -0.035320131848 -0.001506471751
0.225 -0.03543138777 -0.001515593213
0.225 -0.035577579027 -0.001527607027
0.225 -0.035667092284 -0.00153503273
0.225 -0.035811182395 -0.001546839861
0.225 -0.03592025069 -0.001555947818
0.225 -0.036023314913 -0.001564526009
0.225 -0.036173459058 -0.001577101346
0.225 -0.036351553868 -0.001592010285
0.225 -0.03651205999 -0.001605583454
0.225 -0.036760773587 -0.001626514458
0.225 -0.036931970384 -0.001641228401
0.225 -0.037136227295 -0.001658536154
0.225 -0.037352155054 -0.001677339607
0.225 -0.037536041768 -0.001693217353
0.225 -0.037725275515 -0.001709745913
0.225 -0.037971904025 -0.001731026736
0.225 -0.038102860793 -0.001742548335
0.225 -0.038331882815 -0.001762652702
0.225 -0.038472669575 -0.001775268353
0.225 -0.03871728948 -0.001796946507
0.225 -0.0389563609 -0.001818122806
0.225 -0.039153717516 -0.001835931283
0.225 -0.039429657005 -0.001860918473
0.225 -0.039608557695 -0.00187710573
0.225 -0.039865462583 -0.001900145759
0.225 -0.040103948926 -0.001922150874
0.225 -0.040292415538 -0.001939388744
0.225 -0.040597447165 -0.001967806222
0.225 -0.040874245155 -0.001993203872
0.225 -0.0410909443 -0.002013671601
0.225 -0.041263700283 -0.00202975305
0.225 -0.04157397797 -0.002058997465
0.225 -0.041775525331 -0.002077945787
0.225 -0.042079360381 -0.00210689705
0.225 -0.042255401515 -0.002123670459
0.225 -0.042440139772 -0.002141472521
0.225 -0.042742110066 -0.002170362916
0.225 -0.042978566248 -0.00219344358
0.225 -0.043153742279 -0.002210296531
0.225 -0.043296680953 -0.002224268042
0.225 -0.043506235033 -0.002244590335
0.225 -0.04364847416 -0.002258519751
0.225 -0.043858635555 -0.00227913711
0.225 -0.044024777779 -0.002295432515
0.225 -0.044196404597 -0.002312437214
0.225 -0.044386784985 -0.002331270587
0.225 -0.044526782198 -0.002345321614
0.225 -0.044745712557 -0.002367431489
0.225 -0.044841614412 -0.002377145263
0.22501232959 -0.044936591872 -0.002386950465
0.225203019688 -0.044936472469 -0.00238928777
0.225406972332 -0.044936398171 -0.00239138467
0.225565024097 -0.044936302466 -0.002392728021
0.225712635784 -0.044936287635 -0.002393714832
0.225926501699 -0.044936225158 -0.002394774121
0.226112140104 -0.044936164713 -0.00239531599
0.226321308022 -0.044936131551 -0.002395840282
0.226553864388 -0.044936115196 -0.002396356279
0.226732889882 -0.044936098602 -0.002396715645
0.22694243012 -0.044936103962 -0.00239709643
0.227196100908 -0.044936013472 -0.002397519686
0.227475878193 -0.044936044587 -0.002397906619
0.22762978944 -0.044936029064 -0.002398109059
0.2278167437 -0.044935998226 -0.002398341922
0.228038650331 -0.044935965478 -0.002398608262
0.228243921526 -0.044936013425 -0.002398837214
0.228447478917 -0.044935942013 -0.002399053846
0.228678841624 -0.044935928196 -0.002399285002
0.228865562985 -0.044935945939 -0.002399462813
0.229073201679 -0.044935939691 -0.002399650058
0.229317344818 -0.044935943319 -0.00239985788
0.229467557478 -0.044935855524 -0.002399978036
0.229676696341 -0.044935928193 -0.002400136642
0.229946233029 -0.044935880121 -0.00240030956
0.2303130099 -0.044935882343 -0.002400539686
0.230593559843 -0.044935868675 -0.002400722195
0.230949982531 -0.044935856548 -0.002400957381
0.231240889531 -0.044935857101 -0.00240115634
0.23160863457 -0.044935826414 -0.002401383213
0.231985513711 -0.044935627972 -0.002401571258
0.232404468596 -0.044935832381 -0.00240174885
0.232887851098 -0.044935514315 -0.002401899905
0.233297110517 -0.044935812431 -0.002402002915
0.233738184183 -0.044935500785 -0.002402095784
0.234189469927 -0.044935803972 -0.002402163372
0.234711259909 -0.04493568039 -0.002402226962
0.235169996664 -0.044935679726 -0.002402240096
0.235963127645 -0.044935244177 -0.002402461318
0.236431151622 -0.044935687601 -0.002402581153
0.23723507503 -0.044935201186 -0.002402826877
0.237692283469 -0.044935697349 -0.002402954883
0.238653332779 -0.044935069339 -0.002403279274
0.239439963319 -0.044935056361 -0.002403528426
0.240364171561 -0.044935040056 -0.002403841437
0.241386164451 -0.044935145413 -0.002403941664
0.242144612749 -0.044935434446 -0.002403910336
0.242998394063 -0.044935005879 -0.002403791874
0.244138751102 -0.04493439656 -0.002403948599
0.245401729589 -0.044934382739 -0.002404201248
0.246540214293 -0.044934372501 -0.002404388397
0.247802779366 -0.044934366979 -0.002404489342
0.24899402352 -0.044934534743 -0.002404368441
0.249848685596 -0.044935709427 -0.002403976068
0.2516804352 -0.044934627409 -0.002403019183
0.252865216968 -0.044934637558 -0.002402804169
0.254717840651 -0.044934628077 -0.002403005028
0.255902249765 -0.044934606766 -0.00240345654
0.257731173099 -0.044933810223 -0.002404862055
0.259090216078 -0.04493366604 -0.002406261345
0.260774977608 -0.044933135915 -0.002406070688
0.26233270228 -0.044933177235 -0.002405280779
0.2640108412 -0.044933197469 -0.002404893964
0.265569402662 -0.044933191875 -0.0024050009
0.267247043827 -0.044933085166 -0.002405118216
0.268844110403 -0.044933215478 -0.00240394006
0.270498852966 -0.044933146159 -0.002403482182
0.272134897936 -0.044933129008 -0.002403804209
0.273789650498 -0.044933097698 -0.002404392074
0.275424397666 -0.044933056976 -0.002405156677
0.277081041554 -0.044932999149 -0.002406230993
0.278713212811 -0.044932875763 -0.002408557145
0.280373659541 -0.044932837353 -0.002409266772
0.282004260326 -0.044932851197 -0.002409006885
0.283664686367 -0.044932868879 -0.002408674923
0.285295997464 -0.044932885613 -0.00240836077
0.286955864654 -0.044932886344 -0.002408347047
0.28858694694 -0.044932846906 -0.002409087429
0.290247712887 -0.044932841614 -0.002409186783
0.291878377563 -0.044932852867 -0.002408975521
0.293538816621 -0.044932866 -0.002408728972
0.295170006748 -0.044932877262 -0.002408517552
0.296830092208 -0.044932874432 -0.002408570676
0.298460917903 -0.044932834998 -0.002409310999
0.300121940864 -0.044932829663 -0.00240941115
0.301752356319 -0.044932841682 -0.00240918551
0.303413025889 -0.044932855786 -0.002408920732
0.305044005952 -0.044932867975 -0.002408691903
0.306704279363 -0.044932866271 -0.002408723895
0.308334939621 -0.044932827801 -0.002409446109
0.309996108928 -0.044932823274 -0.002409531097
0.311626393823 -0.044932835951 -0.002409293109
0.313287179431 -0.044932850745 -0.002409015369
0.314918057146 -0.044932863514 -0.002408775642
0.316578419837 -0.044932862443 -0.002408795756
0.318209002927 -0.044932824465 -0.00240950874
0.319870239527 -0.044932820363 -0.002409585749
0.32150046557 -0.044932833398 -0.002409341028
0.323161301825 -0.044932848595 -0.002409055721
0.32479213696 -0.044932861711 -0.002408809501
0.326452533994 -0.044932861058 -0.002408821753
0.328083091575 -0.044932823481 -0.002409527203
0.329744345716 -0.044932819718 -0.002409597856
0.331374560756 -0.044932833022 -0.002409348097
0.33303540178 -0.044932848529 -0.002409056964
0.334666238371 -0.044932861912 -0.00240880572
0.336326627894 -0.044932861554 -0.002408812443
0.337957198317 -0.044932824178 -0.002409514131
0.339618434166 -0.04493282072 -0.002409579048
0.341248673879 -0.04493283431 -0.002409323903
0.342909483728 -0.044932850135 -0.002409026824
0.344540357882 -0.044932863794 -0.002408770393
0.346200703438 -0.044932863754 -0.002408771141
0.347831326883 -0.0449328269 -0.002409463023
0.34949250053 -0.044932823772 -0.002409521748
0.351122806981 -0.044932837454 -0.00240926489
0.35278354789 -0.044932853391 -0.002408965685
0.354414493409 -0.044932867162 -0.002408707153
0.356074764732 -0.044932867277 -0.002408705005
0.35770547479 -0.044932831418 -0.002409378206
0.359366539819 -0.044932829338 -0.002409417259
0.360996974658 -0.044932843807 -0.002409145617
0.362657569341 -0.044932860613 -0.002408830108
0.364288678263 -0.04493287511 -0.002408557943
0.365948770324 -0.044932875971 -0.002408541787
0.367579641756 -0.044932837705 -0.002409260173
0.369240587592 -0.044932834116 -0.002409327558
0.370871122101 -0.044932848282 -0.002409061608
0.372531624313 -0.044932864723 -0.002408752954
0.374162817889 -0.044932878859 -0.002408487559
0.375822832922 -0.044932879372 -0.002408477924
0.377453803611 -0.044932843518 -0.002409151047
0.379114608141 -0.044932841421 -0.002409190408
0.380745302738 -0.044932855838 -0.002408919748
0.382405638916 -0.04493287258 -0.002408605442
0.384037004583 -0.044932886978 -0.002408335144
0.385696841679 -0.044932887773 -0.002408320223
0.387327988057 -0.044932851428 -0.002409002549
0.388988623217 -0.044932849235 -0.002409043721
0.390619488039 -0.044932863827 -0.00240876976
0.392279649453 -0.044932880815 -0.002408450842
0.393911194691 -0.044932895413 -0.002408176777
0.395570846845 -0.044932896506 -0.002408156263
0.397202184717 -0.044932860471 -0.002408832763
0.398862619855 -0.04493285876 -0.002408864899
0.400493694803 -0.044932873809 -0.002408582365
0.402153635324 -0.04493289134 -0.002408253256
0.403785412642 -0.044932906434 -0.002407969884
0.40544482106 -0.044932908113 -0.002407938362
0.407076415008 -0.044932872637 -0.002408604365
0.408736581393 -0.044932871543 -0.002408624903
0.410367937334 -0.044932887112 -0.002408332634
0.412027584881 -0.044932905236 -0.002407992378
0.413659667435 -0.044932920874 -0.002407698782
0.41531875751 -0.044932923226 -0.002407654641
0.41695068588 -0.044932888571 -0.002408305238
0.418610501003 -0.04493288822 -0.002408311833
0.420242220958 -0.044932904229 -0.002408011283
0.42190149471 -0.04493292282 -0.002407662261
0.423533960134 -0.044932938834 -0.002407361616
0.425192658223 -0.044932941656 -0.002407308635
0.426824998113 -0.044932908344 -0.002407934028
0.428484371152 -0.044932909487 -0.002407912559
0.430116562 -0.044932926676 -0.002407589862
0.431775337031 -0.044932946671 -0.002407214487
0.433408329891 -0.044932963947 -0.002406890148
0.435066471187 -0.044932968233 -0.002406809697
0.436699368887 -0.044932933551 -0.002407460788
0.438358203111 -0.044932934301 -0.002407446726
0.439990934417 -0.044932952036 -0.002407113758
0.441649156043 -0.044932972686 -0.002406726091
0.443282715172 -0.044932990502 -0.002406391626
0.444940277014 -0.044932995472 -0.002406298322
0.446573794965 -0.044932963893 -0.002406891163
0.448231946764 -0.044932967312 -0.00240682699
0.449865405148 -0.044932986524 -0.002406466309
0.451522864892 -0.044933008928 -0.002406045695
0.453157222707 -0.044933028406 -0.002405680032
0.454813945518 -0.044933035459 -0.002405547611
0.456448342136 -0.044933005477 -0.00240611049
0.45810557812 -0.044933010748 -0.002406011536
0.459739991083 -0.044933031706 -0.002405618077
0.461396453563 -0.044933056327 -0.00240515585
0.463031855037 -0.044933077895 -0.002404750941
0.464687484977 -0.044933087427 -0.002404571995
0.466323023656 -0.044933059533 -0.002405095667
0.467979054549 -0.044933068566 -0.00240492607
0.469614749929 -0.04493309294 -0.002404468487
0.471269857428 -0.044933120882 -0.002403943914
0.472906675646 -0.044933144863 -0.002403493707
0.47456083784 -0.044933156717 -0.002403271172
0.476197892186 -0.04493313095 -0.002403754914
0.477852336112 -0.044933144476 -0.002403500981
0.479489701879 -0.044933172101 -0.002402982346
0.481143073759 -0.044933202847 -0.002402405137
0.482781668023 -0.044933227777 -0.002401937108
0.484434003627 -0.044933243374 -0.002401644303
0.486073011159 -0.044933225616 -0.002401977679
0.487725088096 -0.044933269548 -0.002401152917
0.489365480532 -0.044933328009 -0.002400055389
0.491015276206 -0.044933378936 -0.002399099313
0.492657712814 -0.044933408392 -0.002398546312
0.494306053093 -0.044933433665 -0.002398071857
0.495950011604 -0.044933494949 -0.002396921323
0.497595961941 -0.044933568978 -0.002395531542
0.499242724417 -0.044933619942 -0.002394574755
0.500886477068 -0.044933648007 -0.00239404788
0.502534362259 -0.04493364514 -0.002394101698
0.504182587096 -0.044934110232 -0.002394115266
0.505644208614 -0.044934053344 -0.002392999474
0.50749141153 -0.044934764789 -0.002391447914
0.508869174767 -0.04493480011 -0.002390718602
0.510781683278 -0.044934855671 -0.002389571403
0.512161869118 -0.04493489495 -0.002388760373
0.513976279616 -0.044935948831 -0.002386970767
0.514899485402 -0.044936323714 -0.002385653748
0.515911842625 -0.044935696011 -0.002384235898
0.517853050483 -0.044935939349 -0.002379996211
0.519200114499 -0.044936103872 -0.002377129704
0.521151116705 -0.044936303375 -0.002373653766
0.522419405131 -0.044935741632 -0.002371347704
0.52343719782 -0.044936204357 -0.002368911752
0.52475 -0.04493632791 -0.002364344492
0.52475 -0.043876179253 -0.002302131203
0.52475 -0.042972961418 -0.002247070245
0.52475 -0.041895659872 -0.002162585983
0.52475 -0.040682412517 -0.002077625354
0.52475 -0.038759778187 -0.001948357632
0.52475 -0.037222536924 -0.00186525525
0.52475 -0.035858613323 -0.001782723611
0.52475 -0.035399437438 -0.001740181062
0.5239780385 -0.034959517126 -0.00166736965
0.522907170471 -0.03496010482 -0.001636070072
0.521128903983 -0.034961014393 -0.001617494394
0.51965509443 -0.03496180916 -0.001601263341
0.517821947817 -0.034962619881 -0.001584706468
0.5163977457 -0.034963284781 -0.001571127605
0.514651475753 -0.034964672612 -0.001559261191
0.513783245895 -0.034964435796 -0.001555350724
0.51257182564 -0.034964607492 -0.001550462912
0.51050176969 -0.034964929693 -0.001541290563
0.509271372066 -0.034965108134 -0.00153621071
0.507220560529 -0.034965436924 -0.001526850767
0.505970673988 -0.034965622247 -0.001521575029
0.504052224048 -0.034964579844 -0.001517137497
0.502627490454 -0.034964751386 -0.001512644342
0.500767537509 -0.034964986611 -0.001506483167
0.499330144338 -0.034965127311 -0.001502797842
0.497481649338 -0.034965320205 -0.00149774543
0.496033964294 -0.034965429929 -0.001494871461
0.494275565195 -0.034964735929 -0.001491383446
0.492686848512 -0.034964852699 -0.001488546555
0.490987777052 -0.034964993149 -0.001485134382
0.489392126428 -0.034965093918 -0.001482686238
0.487699515967 -0.034965216372 -0.001479711258
0.486097877487 -0.034965301125 -0.001477652214
0.484409936219 -0.034965344804 -0.001476591039
0.482805221354 -0.034965393835 -0.001475399857
0.481120201018 -0.034965462062 -0.0014737423
0.479512165865 -0.034965515252 -0.001472450069
0.477830580306 -0.03496558755 -0.00147069362
0.476218995892 -0.034965644899 -0.001469300348
0.474539921143 -0.03496563839 -0.001469458483
0.472927215196 -0.034965674679 -0.001468576848
0.471249715867 -0.034965721857 -0.00146743068
0.469634685921 -0.03496575827 -0.001466546037
0.467959512306 -0.034965805447 -0.001465399882
0.46634215493 -0.034965841985 -0.001464512228
0.464668353376 -0.034965820362 -0.001465037534
0.463050733837 -0.034965845915 -0.001464416736
0.461377800563 -0.034965878847 -0.001463616669
0.459758554165 -0.034965904375 -0.001462996469
0.458087246174 -0.034965937218 -0.001462198553
0.456466376068 -0.034965962722 -0.00146157895
0.454795785576 -0.034965930448 -0.001462363036
0.453175196245 -0.034965949309 -0.001461904811
0.451505017866 -0.034965973485 -0.001461317465
0.449883228776 -0.034965992515 -0.001460855135
0.448214254447 -0.034966016831 -0.001460264399
0.446591257016 -0.03496603603 -0.001459797962
0.444922624737 -0.034965997904 -0.001460724218
0.443300217763 -0.034966012512 -0.001460369312
0.441631725398 -0.034966031479 -0.001459908521
0.44000838025 -0.034966046377 -0.001459546589
0.43834083392 -0.034966065619 -0.001459079098
0.436716534877 -0.034966080806 -0.001458710138
0.435049090918 -0.034966038549 -0.001459736767
0.433425595834 -0.034966050085 -0.001459456495
0.431758087474 -0.034966064641 -0.00145910288
0.430133868957 -0.034966075997 -0.001458826986
0.428467078779 -0.034966090355 -0.001458478163
0.426842147331 -0.034966101531 -0.001458206645
0.425175295919 -0.034966060419 -0.001459205442
0.423551203606 -0.034966071146 -0.001458944826
0.421884269565 -0.034966084864 -0.001458611562
0.420259495951 -0.034966095676 -0.001458348886
0.418593245448 -0.034966109469 -0.001458013779
0.416967786061 -0.034966120366 -0.001457749041
0.41530142512 -0.03496607684 -0.00145880649
0.413676892294 -0.034966086391 -0.001458574468
0.412010361805 -0.034966098628 -0.001458277161
0.410385221517 -0.03496610827 -0.00145804293
0.408719300927 -0.034966120591 -0.001457743576
0.407093548303 -0.034966130323 -0.001457507137
0.405427452477 -0.034966085941 -0.001458585399
0.403802671583 -0.034966095122 -0.001458362334
0.402136376853 -0.034966106844 -0.001458077567
0.400511013351 -0.034966116099 -0.001457852705
0.398845303198 -0.034966127888 -0.001457566295
0.397219353149 -0.034966137218 -0.001457339636
0.395553442609 -0.034966092365 -0.001458429318
0.393928486615 -0.034966101285 -0.001458212622
0.392262358629 -0.034966112668 -0.001457936079
0.390636836574 -0.034966121673 -0.001457717299
0.388971276957 -0.034966133136 -0.001457438807
0.387345184225 -0.034966142227 -0.001457217944
0.385679410276 -0.034966097175 -0.00145831247
0.384054320036 -0.034966106125 -0.001458095024
0.38238832631 -0.034966117478 -0.001457819205
0.380762670259 -0.034966126495 -0.001457600161
0.379097244091 -0.034966137907 -0.00145732289
0.377471018735 -0.034966146989 -0.001457102248
0.375805367813 -0.034966101256 -0.001458213312
0.374180162962 -0.034966110282 -0.001457994027
0.372514287145 -0.034966121797 -0.001457714288
0.370888511107 -0.034966130801 -0.001457495534
0.369223205752 -0.034966142285 -0.001457216529
0.367596859976 -0.034966151268 -0.001456998306
0.365931307378 -0.034966104046 -0.001458145541
0.364306044558 -0.03496611166 -0.001457960562
0.362640182183 -0.034966121386 -0.001457724279
0.361014436855 -0.034966129005 -0.001457539176
0.359349057053 -0.03496613873 -0.001457302901
0.357722829085 -0.034966146354 -0.001457117674
0.35605718507 -0.034966102388 -0.001458185824
0.354431955234 -0.034966110947 -0.001457977882
0.352766089051 -0.034966121825 -0.001457713608
0.351140319065 -0.034966130338 -0.001457506783
0.349474991641 -0.034966141162 -0.001457243822
0.347848684288 -0.034966149629 -0.001457038115
0.346183111702 -0.034966104248 -0.001458140639
0.344557832808 -0.034966112614 -0.001457937392
0.342892009376 -0.034966123231 -0.001457679437
0.341266203057 -0.034966131543 -0.001457477502
0.339600905438 -0.034966142099 -0.001457221052
0.337974574919 -0.034966150357 -0.001457020429
0.336309020449 -0.034966104822 -0.001458126687
0.334683725601 -0.034966113186 -0.001457923482
0.333017918071 -0.034966123802 -0.001457665576
0.331392095696 -0.034966132127 -0.001457463322
0.329726814499 -0.034966142696 -0.001457206552
0.328100466985 -0.034966150982 -0.001457005249
0.326434929539 -0.034966105421 -0.001458112138
0.324809619041 -0.034966113712 -0.0014579107
0.323143825027 -0.034966124247 -0.001457654753
0.321517991054 -0.034966132515 -0.001457453892
0.319852719757 -0.034966143019 -0.001457198695
0.318226363828 -0.034966151263 -0.00145699841
0.316560833238 -0.034966105632 -0.001458107002
0.314935517474 -0.034966113879 -0.001457906639
0.313269726968 -0.034966124332 -0.001457652688
0.311643891566 -0.034966132533 -0.00145745346
0.309978619294 -0.034966142932 -0.001457200827
0.308352267062 -0.034966151085 -0.001457002734
0.306686732458 -0.034966105522 -0.001458109689
0.305061421266 -0.034966113661 -0.001457911937
0.303395623444 -0.034966124025 -0.001457660168
0.301769796701 -0.034966132218 -0.001457461104
0.300104515862 -0.03496614263 -0.001457208146
0.298478170704 -0.034966150878 -0.00145700777
0.296812637975 -0.034966105864 -0.001458101379
0.29518732488 -0.034966113456 -0.001457916925
0.293521521202 -0.034966123809 -0.001457665407
0.291895690341 -0.03496613273 -0.001457448673
0.29023044175 -0.034966144437 -0.00145716426
0.288604018479 -0.034966154687 -0.00145691524
0.286938675727 -0.034966115711 -0.001457862135
0.2853130567 -0.0349661256 -0.001457621891
0.283647596381 -0.034966136347 -0.001457360802
0.282021416621 -0.034966145272 -0.001457143965
0.280356489815 -0.034966155026 -0.001456907004
0.278729803768 -0.034966162987 -0.001456713584
0.277064976416 -0.0349661325 -0.001457477304
0.275439871195 -0.034966126371 -0.001457626235
0.273774383626 -0.034966109695 -0.001458031411
0.272150036732 -0.034966094659 -0.001458396753
0.270483539426 -0.034966068816 -0.001459024672
0.268860453777 -0.034966044866 -0.001459606597
0.267196754371 -0.03496620532 -0.001458337388
0.265620549709 -0.034966172601 -0.001459142546
0.263959404579 -0.034966147591 -0.001459758012
0.262384622613 -0.034966128959 -0.001460216524
0.260722460368 -0.034966118761 -0.001460467476
0.259148290506 -0.034966114175 -0.001460580344
0.25741353893 -0.034967838263 -0.001460531345
0.256190161806 -0.034967871756 -0.001459572755
0.25437712478 -0.034967894663 -0.001458917171
0.253152332232 -0.034967894997 -0.001458907609
0.251339250407 -0.034967868701 -0.001459660206
0.250115976194 -0.034967835814 -0.001460601406
0.249121987395 -0.034969382419 -0.00146066307
0.247640900661 -0.034968523068 -0.00146111403
0.246702933952 -0.034968513213 -0.001461319099
0.24523994254 -0.034968501316 -0.001461566648
0.244301483895 -0.034968495175 -0.00146169443
0.242838870677 -0.034968489081 -0.001461821234
0.241881040069 -0.034968544814 -0.001461786972
0.241009745573 -0.034969138403 -0.001461803307
0.239923875845 -0.034969135913 -0.001461872542
0.23929925455 -0.034969133765 -0.001461932267
0.238213177166 -0.034969127832 -0.001462097248
0.237588837786 -0.034969123704 -0.001462212032
0.237064174211 -0.034969059507 -0.001462345847
0.236404468854 -0.03496899119 -0.001462642637
0.23590467712 -0.034969083038 -0.001462960178
0.235200557701 -0.034969069133 -0.001463275254
0.234685776748 -0.034969060897 -0.001463461884
0.233982181881 -0.034969052897 -0.001463643157
0.233475030216 -0.034969233304 -0.001463723639
0.233127937679 -0.034969181927 -0.00146382413
0.232675050814 -0.034969160007 -0.001464029628
0.232273810121 -0.034969353004 -0.001464265769
0.231696131204 -0.034969342483 -0.001464539714
0.231405982651 -0.034969336705 -0.001464690139
0.231142094009 -0.034969228039 -0.001464814016
0.230795635281 -0.034969144019 -0.001464982834
0.230522788863 -0.034969309997 -0.001465131823
0.230185310165 -0.034969110625 -0.001465321532
0.229819399357 -0.034969221553 -0.001465550004
0.229571867115 -0.03496921449 -0.001465725252
0.229405052043 -0.034969261582 -0.001465849368
0.229129285234 -0.034969171495 -0.001466058196
0.228967214861 -0.034969272355 -0.00146619323
0.228671282291 -0.034969216718 -0.001466449019
0.228472914234 -0.034969238568 -0.001466628836
0.228204367011 -0.034969238902 -0.001466875579
0.228045057942 -0.034969212423 -0.00146703595
0.227883943639 -0.034969227786 -0.001467208785
0.227731936493 -0.034969198988 -0.001467378759
0.227560567435 -0.034969190127 -0.00146757535
0.227435169118 -0.034969196291 -0.001467728101
0.22723717134 -0.034969153696 -0.001467975408
0.227132658375 -0.034969185486 -0.001468116548
0.226970587723 -0.034969178973 -0.001468350342
0.22681862474 -0.034969161287 -0.001468592967
0.226704031074 -0.034969125065 -0.001468786105
0.226554757809 -0.034969147172 -0.001469058771
0.226435662829 -0.034969112015 -0.001469288098
0.226334924202 -0.034969132493 -0.001469501329
0.226199344089 -0.034969099735 -0.001469806295
0.226098471934 -0.034969106749 -0.001470057567
0.225954752789 -0.034969096549 -0.001470442388
0.225813897172 -0.034969072303 -0.00147086047
0.225710194513 -0.034969042672 -0.001471187351
0.225611412784 -0.034969044727 -0.001471607219
0.225469821995 -0.03496901179 -0.001472449972
0.225341558482 -0.034968958454 -0.001473501404
0.225229715273 -0.034968897982 -0.001474603749
0.225073655441 -0.034968817244 -0.001476485845
0.225 -0.034968745476 -0.00147750621
