0.225 -0.024427792662 -0.025064667396
0.225 -0.024419943882 -0.02617113372
0.225 -0.024359499294 -0.027165437289
0.225 -0.024288622071 -0.027862532205
0.225 -0.024184614434 -0.028638039306
0.225 -0.024051708164 -0.02951277061
0.225 -0.023926884586 -0.030177280169
0.225 -0.023720940659 -0.031153636393
0.225 -0.023550986306 -0.031818406989
0.225 -0.023220505678 -0.032960952771
0.225 -0.022969675337 -0.033705658317
0.225 -0.022586623011 -0.034760267715
0.225 -0.022264952144 -0.035529419007
0.225 -0.021832599381 -0.036472536749
0.225 -0.021279561875 -0.037512202784
0.225 -0.020941270267 -0.038117251505
0.225 -0.020556442531 -0.03875675231
0.225 -0.019948526073 -0.039698130408
0.225 -0.019247400703 -0.040675671112
0.226099058036 -0.019120278975 -0.04073554881
0.226928216493 -0.019034870493 -0.040774712026
0.22810626805 -0.018942229986 -0.040818785286
0.228794256622 -0.018901457016 -0.040836555017
0.229532992269 -0.018877693333 -0.040848676153
0.230518523177 -0.018858044726 -0.040856873155
0.231787496945 -0.01883484925 -0.040868661809
0.23242206833 -0.018820518617 -0.040874004238
0.233435985838 -0.01880836033 -0.040880524292
0.234427348494 -0.018794348954 -0.040885652977
0.235218725502 -0.018789681722 -0.040889113335
0.23645941371 -0.018779998254 -0.04089371356
0.237604142194 -0.018765367409 -0.040899810878
0.238731313893 -0.018754604803 -0.040905285557
0.239942078231 -0.018742291503 -0.040910423377
0.241004649782 -0.018733894726 -0.040914444319
0.242272338719 -0.018724917921 -0.040918455199
0.243265346879 -0.018718601089 -0.040921048634
0.244941042251 -0.01871333516 -0.040924279839
0.24581647144 -0.018702660574 -0.04092585705
0.246922736475 -0.018705466397 -0.040927433176
0.248368103154 -0.018696576228 -0.040929489014
0.249517598093 -0.018697207736 -0.040930792687
0.250921139667 -0.01869414366 -0.040932206092
0.252200244988 -0.018683266313 -0.040936105057
0.253784552974 -0.018670759385 -0.040940764035
0.255480936826 -0.018667547855 -0.040945269946
0.256817963852 -0.018663710097 -0.04094601092
0.25816924695 -0.018662934675 -0.040946003387
0.260209998689 -0.018660616893 -0.040946235067
0.261753970874 -0.018658296812 -0.040947663795
0.263203529242 -0.018655512677 -0.040948935581
0.264765045808 -0.018656660277 -0.040950236566
0.266196698945 -0.018649712959 -0.040951634835
0.267638276636 -0.018642172122 -0.040954960679
0.269135431781 -0.018631541583 -0.040959527742
0.271053495223 -0.018629125777 -0.040960923403
0.272382181505 -0.018628200222 -0.040961430921
0.27437158293 -0.018628211477 -0.04096175146
0.275631418388 -0.018628943644 -0.040961534485
0.277721204703 -0.018629555324 -0.040962173558
0.278808465888 -0.018627615517 -0.04096286326
0.279968927102 -0.018629328469 -0.040962097292
0.282138860729 -0.018631499235 -0.040961119453
0.283297929059 -0.018631940583 -0.040960916169
0.285467167727 -0.018631719819 -0.040960996804
0.286629274652 -0.01863086959 -0.04096136531
0.288042907707 -0.0186201702 -0.040966803631
0.289948717091 -0.018615884228 -0.040968428909
0.291082047082 -0.018618916528 -0.040967014601
0.293235782509 -0.018622687244 -0.040965255884
0.294376464861 -0.018623742965 -0.04096476348
0.296526506308 -0.018623703688 -0.0409647818
0.297662349328 -0.018615072002 -0.040968807743
0.299826239036 -0.018610470434 -0.040970953981
0.300952850214 -0.01861370297 -0.04096944628
0.303112857061 -0.018617981106 -0.040967450895
0.304247765015 -0.018619315563 -0.040966828485
0.306403015777 -0.018619891358 -0.040966559926
0.307534152191 -0.01861143975 -0.040970501878
0.309702439065 -0.018607147553 -0.040972503821
0.310824919072 -0.01861049145 -0.040970944179
0.312988820886 -0.018615031837 -0.040968826477
0.31412007923 -0.018616492132 -0.040968145374
0.316278732558 -0.018617332846 -0.040967753253
0.317406774144 -0.018609103078 -0.040971591736
0.319577835123 -0.01860509634 -0.040973460537
0.32069780615 -0.018608574134 -0.040971838443
0.322863946856 -0.018613407829 -0.040969583938
0.323993246025 -0.018615017252 -0.04096883328
0.326153571794 -0.018616162375 -0.040968299178
0.327280233299 -0.018608090633 -0.040972063955
0.32945239018 -0.018604375362 -0.040973796812
0.330571527939 -0.018607977106 -0.040972116906
0.332738280087 -0.01861303772 -0.040969756562
0.333867177505 -0.018614751899 -0.040968957044
0.336027724459 -0.018616077872 -0.040968338591
0.337154340326 -0.018608102948 -0.040972058211
0.339326342315 -0.018604608045 -0.040973688284
0.34044585096 -0.018608331065 -0.040971951814
0.342612007471 -0.018613625899 -0.040969482227
0.343741729235 -0.018615467613 -0.040968623224
0.345901217725 -0.018617036363 -0.040967891537
0.347029096406 -0.01860914189 -0.040971573634
0.349199658673 -0.018605846356 -0.040973110718
0.350320803277 -0.0186096804 -0.040971322465
0.352485130697 -0.018615169692 -0.040968762179
0.353616873887 -0.018617121171 -0.040967851981
0.355774147884 -0.018618885536 -0.040967029056
0.356904433231 -0.018611099413 -0.040970660616
0.359072400962 -0.018607992689 -0.040972109638
0.360196342928 -0.01861195874 -0.040970259814
0.362357634855 -0.018617692686 -0.040967585419
0.363492666614 -0.018619799809 -0.040966602626
0.365646365398 -0.018621861923 -0.040965640826
0.366780591783 -0.018614356686 -0.040969141377
0.368944339579 -0.018611410215 -0.040970515654
0.370072623556 -0.018615409106 -0.040968650513
0.372229438181 -0.018621324205 -0.040965891625
0.373369184039 -0.018623624724 -0.04096481863
0.375517723992 -0.018626196888 -0.040963618935
0.376658316384 -0.018620091029 -0.040966466796
0.378813886334 -0.018618611022 -0.040967157093
0.379951224791 -0.018622530048 -0.040965329203
0.382099438949 -0.018627806886 -0.040962868009
0.383247060639 -0.018629599487 -0.040962031914
0.385388923807 -0.018630783 -0.040961479906
0.38653523431 -0.018624549429 -0.040964387334
0.388685004987 -0.01862332551 -0.040964958187
0.389828559602 -0.018627647846 -0.040962942188
0.391969889544 -0.018633578062 -0.040960176249
0.393125038498 -0.018635734415 -0.040959170494
0.395258765958 -0.018637516571 -0.040958339271
0.396413656502 -0.018631387172 -0.040961198112
0.398554606071 -0.018630440384 -0.040961639707
0.399707315566 -0.018635013526 -0.040959506728
0.401839101418 -0.018641308561 -0.040956570632
0.403004182729 -0.01864371423 -0.040955448593
0.405127565677 -0.018645898988 -0.04095442959
0.406293171091 -0.018639952793 -0.040957202982
0.408423051175 -0.018639383706 -0.040957468412
0.409587260306 -0.01864425953 -0.040955194257
0.411707084406 -0.018650982825 -0.040952058415
0.412884592496 -0.01865369578 -0.040950793053
0.414995046989 -0.018656366769 -0.040949547266
0.416174044345 -0.018650667455 -0.040952205508
0.418290063683 -0.018650593009 -0.040952240231
0.41946870194 -0.018655873216 -0.040949777466
0.421573477617 -0.018663171689 -0.040946373352
0.422766667174 -0.018666310773 -0.040944909238
0.424860746171 -0.0186696534 -0.040943350188
0.42605673578 -0.01866425799 -0.040945866686
0.428155223463 -0.018664732829 -0.040945645214
0.429352033754 -0.018670476659 -0.040942966208
0.43143796078 -0.018678381735 -0.040939279166
0.432650689733 -0.018682006787 -0.040937588389
0.434724469612 -0.018686065121 -0.040935695523
0.435941488483 -0.018681108897 -0.040938007178
0.438018155631 -0.01868239613 -0.040937406794
0.439237748381 -0.018688849069 -0.04093439705
0.441299860406 -0.01869767824 -0.040930278996
0.442537449036 -0.018702031595 -0.040928248529
0.444585257096 -0.018707120735 -0.04092587488
0.445829279871 -0.018702766183 -0.040927905906
0.447877918288 -0.018705072746 -0.040926830092
0.44912677961 -0.018712467451 -0.040923381094
0.451158285283 -0.018722470862 -0.040918715358
0.45242785497 -0.018727824388 -0.040916218396
0.454442196321 -0.018734263259 -0.040913215213
0.455721084898 -0.018730771965 -0.040914843603
0.457733459757 -0.018734426142 -0.040913139242
0.459020279322 -0.018743153769 -0.040909068551
0.461011976884 -0.018754750251 -0.040903659783
0.46232328667 -0.01876156659 -0.040900480544
0.464293782421 -0.018769872983 -0.040896606322
0.465618406466 -0.01876750343 -0.040897711515
0.467583195308 -0.018772962937 -0.040895165123
0.468920048967 -0.018783757431 -0.040890130414
0.470859070608 -0.018797465705 -0.040883736676
0.472225726922 -0.018806394433 -0.040879572188
0.474138140635 -0.018816915276 -0.040874665114
0.475522469938 -0.018814898769 -0.040875605642
0.477426315057 -0.018821964148 -0.040872310247
0.478827990724 -0.018837287172 -0.040865163367
0.480695274232 -0.018857406363 -0.040855779484
0.482142241102 -0.018873483439 -0.040848280903
0.483963881376 -0.018893405396 -0.040838989013
0.485449294265 -0.01889829565 -0.040836708128
0.487194991141 -0.018906143067 -0.040832794378
0.488660081179 -0.018916707084 -0.040827983202
0.490227448301 -0.018928852456 -0.040822125797
0.491829909704 -0.018943402363 -0.04081566245
0.493256991369 -0.018957149992 -0.040809265714
0.49513871013 -0.018985546398 -0.040797262162
0.4963501379 -0.019004192721 -0.040789276933
0.497207062748 -0.019016806035 -0.040784007029
0.498854496421 -0.019036249678 -0.040773065891
0.499988694229 -0.019053224624 -0.040764903252
0.50135709361 -0.019074500647 -0.040754242705
0.502358840525 -0.019093373106 -0.040748083717
0.503867282887 -0.019110807469 -0.040738332444
0.505065341466 -0.019130885577 -0.040729989277
0.506376578439 -0.019150064577 -0.040720519723
0.50803934137 -0.019180316029 -0.040707649045
0.508785593457 -0.019188328867 -0.040699599706
0.50986253804 -0.019223007234 -0.040686856249
0.511377869509 -0.019273261889 -0.040661722111
0.512728878003 -0.019328943266 -0.04063637769
0.513946108107 -0.019376420021 -0.040611919849
0.515345734434 -0.019445278222 -0.04058088716
0.516512559501 -0.019497325031 -0.040553364055
0.517572888945 -0.01953585801 -0.040537706276
0.519247015135 -0.019621851975 -0.040496254598
0.520760340901 -0.019739648888 -0.040438493555
0.521970512595 -0.019854925954 -0.040380514478
0.523702914493 -0.020071331434 -0.040275490027
0.52475 -0.020204151466 -0.040205704906
0.52475 -0.020009016267 -0.038946349573
0.52475 -0.019908129909 -0.038266277652
0.52475 -0.019783621585 -0.037164123376
0.52475 -0.019696329381 -0.036276097386
0.52475 -0.019623783924 -0.035290768539
0.52475 -0.019557225294 -0.034250846412
0.52475 -0.01955571008 -0.033643965702
0.52475 -0.019587220143 -0.03259222068
0.52475 -0.019640663249 -0.031891644901
0.52475 -0.01972056259 -0.03072954132
0.52475 -0.019809033336 -0.029648103242
0.52475 -0.01987373789 -0.028806788847
0.52366327518 -0.020458837361 -0.02839708382
0.522100587267 -0.021143850105 -0.027887056891
0.520613615239 -0.02166477843 -0.02748797062
0.519451174534 -0.021993743115 -0.027226086897
0.518154570657 -0.022283238784 -0.026989014644
0.51677479578 -0.022535870515 -0.026777828154
0.515722173309 -0.022683505552 -0.026653392252
0.514623746635 -0.022825687003 -0.0265317637
0.512953080525 -0.023020047686 -0.026364286088
0.512106107036 -0.023105800705 -0.026286174659
0.511155245831 -0.023201384278 -0.026204329114
0.509568709699 -0.023340731264 -0.026079824647
0.508495692775 -0.023426654489 -0.026003551045
0.507427126385 -0.023505472857 -0.025931406025
0.505562235076 -0.02363021755 -0.025815178688
0.504199681609 -0.023716423859 -0.025736650507
0.502635679131 -0.023799438447 -0.025658433215
0.501343969773 -0.023862500792 -0.02560026329
0.500125465408 -0.023918930638 -0.02554945639
0.498626018813 -0.023985252436 -0.025485555777
0.497582526568 -0.024032681647 -0.025444384381
0.495617367137 -0.024098421097 -0.02537850843
0.493344748039 -0.024165844092 -0.025316239816
0.491625769822 -0.024211759636 -0.025273459467
0.490144148103 -0.024246445509 -0.025239327868
0.488139528644 -0.024294053984 -0.02519241825
0.486766297323 -0.024324066697 -0.025163474149
0.4849081662 -0.024359030135 -0.025128627599
0.48339079277 -0.024384502449 -0.02510448581
0.481530936817 -0.024411114101 -0.025078651567
0.48003504964 -0.024431535793 -0.025059112126
0.47817425316 -0.024459083561 -0.025031694749
0.476600751304 -0.024480789776 -0.025010708429
0.474841077262 -0.024502075384 -0.024989400421
0.473207706918 -0.024517207348 -0.024974930096
0.471510341641 -0.024529476002 -0.024962876909
0.469912421307 -0.024541341518 -0.024951293361
0.468186803964 -0.024556906092 -0.024935931997
0.466614666263 -0.024569833786 -0.024923273457
0.46486884507 -0.024582795389 -0.024910441715
0.463325142493 -0.024590374616 -0.024903051499
0.461568479227 -0.024596714317 -0.024896852806
0.460060007187 -0.024602541366 -0.024891134908
0.458266491344 -0.024613183872 -0.024880680912
0.456793055086 -0.024621021843 -0.024872979258
0.454963671248 -0.024629931343 -0.024864228861
0.453517999326 -0.024633410341 -0.024860809149
0.451668005964 -0.024636090228 -0.024858175463
0.450232985517 -0.024638607165 -0.024855702437
0.448369463176 -0.024646304 -0.024848139014
0.446957526439 -0.024651478096 -0.02484305501
0.445070003673 -0.024657820456 -0.024836822355
0.443660624841 -0.024659108133 -0.024835497797
0.441768179235 -0.024659299229 -0.02483515999
0.440330320406 -0.024660066793 -0.024834351
0.438469004206 -0.024665671999 -0.024828837213
0.437051276736 -0.024669408909 -0.02482515975
0.435171968214 -0.024673984078 -0.024820659962
0.43376371072 -0.024674157434 -0.024820478374
0.431879659364 -0.024673018839 -0.024821572296
0.430464409242 -0.024672770951 -0.024821799227
0.428585971425 -0.024677261977 -0.024817407027
0.427190242499 -0.024680130632 -0.024814588125
0.425291927291 -0.024683770573 -0.024811035948
0.423925569221 -0.024683304261 -0.024811565504
0.422013562448 -0.024681476256 -0.024813562051
0.420679462099 -0.024680591293 -0.024814513074
0.418724974041 -0.024684608428 -0.024810590779
0.417401626477 -0.024686940389 -0.024808307319
0.415431039154 -0.024690157715 -0.0248051717
0.414116868191 -0.024689141585 -0.024806166632
0.412142387458 -0.024686516569 -0.024808745086
0.410820591955 -0.024685178987 -0.024810061447
0.408848793626 -0.024688754782 -0.024806532913
0.407531842773 -0.024690798122 -0.024804521494
0.405552987558 -0.024693620137 -0.024801732371
0.404223450935 -0.024692278786 -0.024802968192
0.402254362319 -0.024689172131 -0.024805832228
0.400881711733 -0.024687639135 -0.024807272153
0.398956817797 -0.024690791244 -0.024804138291
0.397587839832 -0.02469269178 -0.024802261373
0.39566032577 -0.024695163896 -0.024799795646
0.394290407987 -0.024693826682 -0.024801110525
0.392370820255 -0.024690798662 -0.024804072398
0.390990666404 -0.024689223716 -0.024805599324
0.389081260805 -0.024692271914 -0.024802677253
0.387725810815 -0.024694055656 -0.024800939953
0.385791764611 -0.024696491811 -0.024798625969
0.384472900987 -0.024695172674 -0.024800030058
0.382519131708 -0.024692248047 -0.024803199279
0.381242506878 -0.0246906216 -0.024804925757
0.379233572159 -0.024693843693 -0.024801805517
0.37796612398 -0.024695574029 -0.024800122873
0.375941269897 -0.024698144937 -0.024797642933
0.374680040977 -0.024696603523 -0.024799138249
0.372652219305 -0.024693197119 -0.024802451686
0.371377379923 -0.024691362696 -0.024804233828
0.36936106223 -0.024694511188 -0.024801192982
0.368101991867 -0.024696190077 -0.024799563961
0.366069098456 -0.024698721128 -0.024797130435
0.364833472566 -0.024697259652 -0.024798654678
0.362791197548 -0.0246939923 -0.024802067354
0.361579694879 -0.024692161747 -0.02480395111
0.359506510576 -0.024695481964 -0.024800837259
0.358321169165 -0.024697135495 -0.024799279016
0.356218400145 -0.024699865277 -0.024796750986
0.355050653178 -0.024698252559 -0.02479833394
0.352931978208 -0.024694650571 -0.02480187813
0.351760429724 -0.024692626964 -0.024803838591
0.349660754533 -0.024696559215 -0.024800759057
0.348605524873 -0.024697619285 -0.024799355962
0.347485590562 -0.024698656172 -0.024797953012
0.345402381269 -0.024697676622 -0.024798570387
0.344205911648 -0.024695706222 -0.024800567006
0.34210540463 -0.02469175446 -0.024804569985
0.340914611418 -0.024693510279 -0.024802848496
0.338797603276 -0.024696819163 -0.024799615852
0.337614333923 -0.02469849955 -0.024797964954
0.335485595065 -0.024698144513 -0.024798447188
0.334319791769 -0.024696255206 -0.024800419436
0.332166913963 -0.024692323398 -0.024804534251
0.331028146522 -0.024693967568 -0.024802815737
0.328895766112 -0.024696945178 -0.024799699331
0.327736899096 -0.024698419361 -0.024798161338
0.325617754708 -0.024697791846 -0.02479873544
0.324449479473 -0.02469578611 -0.024800756345
0.322325832679 -0.024691668944 -0.024804900657
0.321150519868 -0.024693729623 -0.024803180693
0.319788622619 -0.024696251294 -0.024801101269
0.317825194161 -0.024698374077 -0.024798352724
0.316627575188 -0.024699533496 -0.024796898668
0.314527211372 -0.024696162284 -0.024800309212
0.313351178585 -0.024693988652 -0.024802483502
0.311251323782 -0.024694019875 -0.024802898377
0.31016612982 -0.02469585767 -0.024801467189
0.309076612095 -0.024696790543 -0.024800100217
0.307020067746 -0.024698230469 -0.0247978493
0.30580458398 -0.024696305431 -0.024799806309
0.303717232303 -0.024692484633 -0.024803692972
0.302514782129 -0.024690096061 -0.024806120535
0.300419994724 -0.024693273065 -0.0248029101
0.299213556403 -0.024694942085 -0.024801222062
0.297125444028 -0.024697369798 -0.024798771381
0.295915733153 -0.024695332359 -0.024800819749
0.293827457616 -0.024691296754 -0.024804867859
0.292623217969 -0.024688794721 -0.024807386419
0.290531526836 -0.024691565998 -0.024804513124
0.289311434565 -0.024692980793 -0.024803053678
0.2872359419 -0.024694791452 -0.024801156809
0.286000466266 -0.024692405534 -0.024803614192
0.283896996186 -0.024687880495 -0.02480830296
0.282689954392 -0.024685116332 -0.024811150079
0.280573597581 -0.024688488831 -0.024807594005
0.279346237455 -0.024690383692 -0.024805619303
0.277258888057 -0.024693279401 -0.024802555453
0.2760105412 -0.024692145355 -0.024803785146
0.27389923249 -0.024690234398 -0.024805935837
0.272687450208 -0.024689128316 -0.024807151156
0.270516646301 -0.02468883034 -0.024807187258
0.269254656838 -0.024689302988 -0.024806604115
0.267124021933 -0.024690770247 -0.024804867775
0.26587473023 -0.024689123614 -0.024807053221
0.264197420491 -0.024687517831 -0.024809783371
0.262583876273 -0.024683980546 -0.024812183991
0.261241665505 -0.024683289213 -0.024813035055
0.25879851094 -0.024681422219 -0.024815266938
0.257503553391 -0.024680044097 -0.024816808904
0.255261121546 -0.024672998182 -0.024820639075
0.253809346313 -0.024669146967 -0.024824000224
0.252227722118 -0.024664407843 -0.024827792443
0.251102974146 -0.024666596338 -0.024829012661
0.249562231257 -0.024665131069 -0.024831095609
0.24790954803 -0.024662008703 -0.024834143611
0.246898233949 -0.024655305493 -0.0248362736
0.245634602485 -0.024656430006 -0.024839564503
0.244014338851 -0.024650195198 -0.024843983083
0.242780163104 -0.024648795453 -0.024847313178
0.241743802398 -0.024644019587 -0.024850411968
0.240442539692 -0.024641571241 -0.02485483505
0.239418213062 -0.024635028379 -0.024858631121
0.238599693698 -0.024634756528 -0.024861939196
0.237092612137 -0.024627379063 -0.024868526943
0.235916968815 -0.024621859576 -0.024874298805
0.235109481269 -0.024614990706 -0.024878587749
0.234244232407 -0.024612432598 -0.024883595856
0.233126336213 -0.024604029289 -0.024890568488
0.232078663399 -0.024597932395 -0.0248977138
0.231133079446 -0.02458930286 -0.024904744081
0.230198875098 -0.024581657105 -0.02491396565
0.229101697826 -0.024562692588 -0.024931719942
0.227886980516 -0.024534403136 -0.024960686138
0.227050848913 -0.024506989295 -0.024985161072
0.226338704108 -0.024484517824 -0.025010026232
0.225 -0.024427792662 -0.025064667396
