0.225 -0.029283729612 0.019168387177
0.225 -0.029635312511 0.019930620833
0.225 -0.029986839964 0.020754822112
0.225 -0.030231367275 0.021355638365
0.225 -0.030636750478 0.022462425131
0.225 -0.030979534016 0.023493060421
0.225 -0.031204508088 0.024228045999
0.225 -0.031570054084 0.025543023294
0.225 -0.031786148818 0.026456165355
0.225 -0.032012937246 0.027530877686
0.225 -0.032207383097 0.028754896452
0.225 -0.032320073231 0.029533671383
0.225 -0.032422736382 0.030357938461
0.225512299423 -0.032489434154 0.031135164495
0.226467101135 -0.032456432112 0.031167480183
0.227285849933 -0.032436440143 0.031190686603
0.228667752838 -0.032405971149 0.031222583178
0.230087653741 -0.032384786488 0.031244448891
0.230859502649 -0.032374791453 0.031252251861
0.231654161473 -0.032371857394 0.031257720023
0.233151174058 -0.032362648358 0.031266489163
0.234547752574 -0.032358403283 0.031271414526
0.235495722307 -0.032353103176 0.031274599758
0.236460989511 -0.032352443148 0.031277542095
0.237840199819 -0.03234795814 0.031281424884
0.239323745432 -0.032344639069 0.031285858948
0.240281174663 -0.0323389515 0.031289084764
0.241213427691 -0.032338787139 0.031291952171
0.242770326585 -0.03233301998 0.031296454911
0.243986654876 -0.032330757417 0.031299570847
0.245222797557 -0.032328578039 0.031300434457
0.246794859854 -0.03232750703 0.031303191923
0.248187275655 -0.032320666838 0.031307520853
0.249296834019 -0.032320969079 0.03131042294
0.251120205246 -0.032318041011 0.031312046241
0.252556033029 -0.032317767591 0.031312642317
0.253914166602 -0.032316848337 0.031312726634
0.255409610535 -0.032315685384 0.031313259097
0.256559364453 -0.032314509178 0.031314761679
0.25854081627 -0.032311521191 0.03131800121
0.260326348209 -0.032307681275 0.031322046168
0.262234600178 -0.032302332946 0.03132705458
0.264583439107 -0.032297145207 0.031334380196
0.26593004388 -0.032292721421 0.031339121021
0.266913914158 -0.032291872964 0.031338988479
0.268365756734 -0.032293693752 0.031338254253
0.269518745336 -0.032293061537 0.031337974886
0.271141661076 -0.032299277309 0.031330990843
0.272315958726 -0.032304437099 0.031327577293
0.274129277107 -0.032305005587 0.031324594313
0.275962299047 -0.032306486118 0.031324750872
0.277175107155 -0.032301157234 0.031328750563
0.278682815179 -0.032298330198 0.031333436997
0.280340676403 -0.032293020536 0.031337389923
0.281751118219 -0.032292169784 0.03133963119
0.283507299854 -0.032290259553 0.03134138125
0.284836172995 -0.032294319699 0.031336099393
0.286378064335 -0.032295557018 0.031333502148
0.288911806964 -0.032296889584 0.031334301693
0.290295619176 -0.032296932588 0.031334831999
0.291729161049 -0.032295105582 0.031335584267
0.294215763348 -0.032291761483 0.031336986061
0.29595379449 -0.032290340591 0.031338232987
0.297990440949 -0.032292711772 0.031335046016
0.299473223718 -0.032292820569 0.031334662997
0.301304544773 -0.032291771011 0.031335753956
0.302763186391 -0.032290782551 0.031336781406
0.304597255558 -0.032289819189 0.031337782769
0.306053258203 -0.032288902987 0.03133873511
0.307887146399 -0.032291961496 0.031335555957
0.309346841424 -0.032292121454 0.031335389689
0.311179278169 -0.032290850315 0.031336710969
0.312636559496 -0.032289728313 0.031337877229
0.314472182557 -0.032288617411 0.031339031951
0.315926478631 -0.032287627084 0.031340061342
0.317762085355 -0.032290742359 0.031336823183
0.319220274708 -0.032291154584 0.031336394697
0.3210538052 -0.03229022923 0.031337356553
0.322510399318 -0.032289351674 0.031338268725
0.32434635083 -0.032288517188 0.031339136127
0.325800638176 -0.032287714636 0.031339970337
0.327636209004 -0.032290706923 0.031336860017
0.329094278894 -0.032291016578 0.031336538148
0.330928032393 -0.032290043464 0.031337549647
0.332384365637 -0.032289158691 0.03133846932
0.334220581577 -0.032288326262 0.031339334585
0.335674628043 -0.03228755584 0.031340135396
0.337510346775 -0.032290650984 0.031336918163
0.33896840237 -0.032291051763 0.031336501575
0.340802036362 -0.032290181786 0.031337405868
0.342258611346 -0.03228937134 0.031338248283
0.344094471052 -0.032288630812 0.031339018022
0.34554898184 -0.032287925417 0.031339751242
0.347384188615 -0.032291024692 0.031336529714
0.348842777099 -0.032291451728 0.031336085832
0.350675798247 -0.032290671577 0.031336896758
0.35213311723 -0.032289961723 0.031337634612
0.353968049365 -0.03228938712 0.03133823188
0.355423712451 -0.032288842068 0.031338798432
0.357257599586 -0.032292023956 0.031335491033
0.358717479069 -0.032292326799 0.031335176244
0.360549414791 -0.032291372379 0.031336168312
0.36200762177 -0.032290550155 0.031337022969
0.363841816156 -0.032289869788 0.031337730174
0.365298104648 -0.032289267395 0.031338356328
0.367131163618 -0.032292800998 0.03133468334
0.368592290959 -0.032293361456 0.031334100774
0.370422667973 -0.032292600728 0.031334891509
0.37188263754 -0.032291880813 0.031335639822
0.37371492495 -0.032291307766 0.031336235473
0.375173217536 -0.032290739055 0.031336826617
0.377004175758 -0.032294379304 0.031333042777
0.378467521785 -0.032295004343 0.031332393083
0.380295617264 -0.032294270282 0.0313331561
0.381757902783 -0.03229357367 0.03133388019
0.383587837152 -0.032293031167 0.031334444092
0.385048522201 -0.032292489147 0.031335007493
0.386877044946 -0.032296165155 0.031331186482
0.388342897397 -0.032296857439 0.03133046689
0.390168357308 -0.032296243629 0.031331104913
0.391633425268 -0.032295640002 0.03133173235
0.393460422847 -0.032295228606 0.031332159974
0.394924205083 -0.03229478835 0.031332617596
0.396749456553 -0.032298615342 0.031328639645
0.39821871383 -0.032299350538 0.031327875449
0.400040724089 -0.032298758897 0.031328490428
0.401509281026 -0.032298190196 0.031329081562
0.403332719278 -0.032297846011 0.031329439323
0.404800156468 -0.032297477381 0.031329822494
0.406621633867 -0.032301405688 0.031325739233
0.408094833058 -0.032302283251 0.031324827054
0.409912680045 -0.032301870622 0.03132525596
0.411385617385 -0.03230143815 0.031325705491
0.413204463942 -0.032301264499 0.031325885991
0.414676699847 -0.032301025895 0.031326134008
0.416493190098 -0.032305097752 0.031321901534
0.417971566132 -0.032306107175 0.031320852293
0.419784042057 -0.032305844662 0.031321125161
0.421262537743 -0.032305533981 0.031321448097
0.423075632743 -0.032305519052 0.031321463614
0.424553818966 -0.032305410296 0.03132157666
0.426364134048 -0.032309678754 0.031317139831
0.427848970351 -0.032310905498 0.031315864698
0.429654664653 -0.03231089222 0.031315878499
0.431140249628 -0.032310778988 0.031315996197
0.432945948586 -0.03231101197 0.031315754025
0.434431837952 -0.032311101168 0.031315661308
0.436234117097 -0.032315654837 0.031310928018
0.437727336088 -0.032317099799 0.031309426059
0.439524342812 -0.032317310958 0.03130920657
0.441018910341 -0.03231740155 0.031309112405
0.442815295357 -0.032317911832 0.031308581994
0.444310861936 -0.032318251143 0.031308229299
0.446103075877 -0.032323118003 0.031303170462
0.447606773289 -0.032324849701 0.031301370457
0.449392888812 -0.032325373418 0.031300826082
0.450898760769 -0.032325751395 0.031300433195
0.452683389497 -0.032326630324 0.031299519596
0.454191199718 -0.032327308552 0.031298814615
0.455970651576 -0.032332589193 0.031293325676
0.457487722682 -0.032334795076 0.03129103278
0.459259780936 -0.032335837053 0.031289949702
0.460780381215 -0.032336671036 0.031289082822
0.462549594573 -0.032338091449 0.03128760638
0.464073526494 -0.032339253678 0.031286398306
0.465836064467 -0.032345200449 0.031280216961
0.46737093836 -0.032348030752 0.031277275015
0.469124341421 -0.032349685873 0.031275554607
0.470664397696 -0.032351069356 0.031274116552
0.472413375848 -0.032353071563 0.031272035367
0.473958312095 -0.032354768642 0.031270271345
0.475677862736 -0.032360954107 0.031263781409
0.477337201315 -0.032366108925 0.031258984915
0.479359241668 -0.032372474872 0.031253936248
0.480814211563 -0.032377186848 0.031249592737
0.483122368696 -0.032387941372 0.031240941555
0.484293939887 -0.032391790895 0.031235919809
0.485630222504 -0.032397086623 0.031229518294
0.487187648425 -0.032396359533 0.031227619725
0.488097945583 -0.032402412073 0.031225907343
0.489667690055 -0.032404828805 0.031223505011
0.491363909416 -0.032408921967 0.03121939902
0.492303141337 -0.032409918789 0.031216443781
0.493386635988 -0.032415459013 0.03121245522
0.494798444554 -0.032420793081 0.031206104355
0.496011318764 -0.032426874373 0.031200381872
0.497013982765 -0.032430077627 0.031195786469
0.498073545843 -0.03243578576 0.031191166978
0.499229539675 -0.032439478323 0.031186258486
0.500123255515 -0.032443283248 0.031182124579
0.501550285356 -0.032448777763 0.031178068881
0.503211736447 -0.032460547603 0.03116576209
0.5040639828 -0.032462592469 0.03115921864
0.50492293441 -0.032473519718 0.031152207266
0.506577438299 -0.032486773973 0.031138229799
0.50822452672 -0.03250108115 0.031123453233
0.509117367444 -0.032504108007 0.031115959579
0.510177046999 -0.032517217537 0.031106070646
0.511709815624 -0.032529704299 0.031090577416
0.512911710157 -0.032544367453 0.031077014389
0.514302073708 -0.03256020284 0.031060183534
0.516008869674 -0.03258335786 0.031036921228
0.517025597945 -0.032593784043 0.03102132072
0.518025980349 -0.032617405937 0.031001505869
0.519922248663 -0.03266583317 0.030949071121
0.521552224531 -0.032722296182 0.030889788446
0.522818899465 -0.032769929126 0.03083622263
0.524400366294 -0.032846359396 0.030757719048
0.52475 -0.032097394657 0.029888140635
0.52475 -0.031361026275 0.028951403717
0.52475 -0.030099655409 0.027079045392
0.52475 -0.029198591453 0.025592526285
0.52475 -0.028743194969 0.024863893703
0.52475 -0.028132487645 0.023874117515
0.52475 -0.027743124918 0.023138240753
0.52475 -0.027429486803 0.022468456296
0.524337937716 -0.027315075119 0.021881936941
0.522881878732 -0.027620839535 0.021491434763
0.521802123519 -0.027815141793 0.021243318316
0.52007969683 -0.028064073006 0.020907987854
0.518681967783 -0.028223890322 0.020696484777
0.517323105368 -0.028342567375 0.020529130964
0.516308251403 -0.028416416831 0.020431572587
0.514824070462 -0.028505840053 0.020304128172
0.513581130024 -0.028577161049 0.020206610491
0.512402647802 -0.028634998114 0.020121436751
0.511230469527 -0.028689963387 0.020045310409
0.50998165751 -0.028740552941 0.019970991302
0.508608283178 -0.028794528416 0.019895751944
0.507467295796 -0.028834619758 0.01983339991
0.506494043865 -0.028871121753 0.019784264908
0.504905669417 -0.028922242273 0.019710056909
0.503386213193 -0.028964357237 0.019647224635
0.502388226589 -0.028986932676 0.019611785933
0.501115016608 -0.029016260874 0.019571654351
0.499845263734 -0.02904227212 0.019529006658
0.498153447339 -0.02907921136 0.019476336777
0.497040609926 -0.029100111669 0.019444806028
0.495622791479 -0.029123451389 0.019409044174
0.494227087894 -0.029145000057 0.019377684926
0.493125939349 -0.029159353574 0.019355780447
0.491274804979 -0.02918321878 0.019317593416
0.489732346637 -0.029202876495 0.019288296673
0.488151810675 -0.029220882187 0.019260979949
0.486048983687 -0.029244565598 0.019228274986
0.484918235895 -0.029254740688 0.019212144968
0.483612434492 -0.029264849268 0.01919524537
0.481672232175 -0.029278377694 0.019173116822
0.480110935527 -0.029289938966 0.019155519362
0.478414013318 -0.029301190472 0.019137813677
0.476593726627 -0.029310915371 0.019123754985
0.475109411699 -0.029317945581 0.019113167401
0.473024351407 -0.029328962936 0.019098355995
0.471780722727 -0.029335942326 0.019089152722
0.47055942338 -0.029340467226 0.019080937502
0.468436592654 -0.029347131144 0.019068207399
0.466985768008 -0.029350850911 0.019062827427
0.465140784769 -0.029354164777 0.019057526085
0.463652757624 -0.029357351947 0.019052531759
0.461857712496 -0.029364786264 0.019040993507
0.460340563322 -0.029370246523 0.019032519045
0.458576708355 -0.029375926084 0.019023704221
0.45703573185 -0.029378281704 0.01902004667
0.455289007394 -0.029379738139 0.019017780015
0.453738121044 -0.029381367891 0.019015249318
0.45200306274 -0.02938551878 0.019008807576
0.450434613936 -0.029388889879 0.019003575983
0.448718160666 -0.029392469352 0.018998021018
0.447135743247 -0.029393487511 0.018996440775
0.445427759364 -0.029393487672 0.01899643959
0.443843255251 -0.029394049813 0.018995567053
0.442139693763 -0.029397029393 0.018990943125
0.44054307183 -0.029399513257 0.018987088483
0.438853035156 -0.029402091445 0.018983087465
0.437247099317 -0.02940234842 0.018982688638
0.4355611902 -0.029401584167 0.018983874394
0.433956960035 -0.02940153972 0.018983943336
0.432271924912 -0.029403846288 0.018980363852
0.430658729196 -0.029405793449 0.018977342119
0.428984236409 -0.029407800934 0.018974226772
0.427367716539 -0.029407610038 0.018974525217
0.425693499072 -0.029406424153 0.018976388891
0.424087280927 -0.029406007582 0.018977038474
0.422404286128 -0.0294079263 0.018974059684
0.420790194566 -0.029409534469 0.018971563019
0.41911596707 -0.029411208278 0.018968964448
0.417499622772 -0.029410737349 0.018969697436
0.41582441439 -0.029409289492 0.018971964765
0.414218615044 -0.029408651419 0.0189729581
0.412534662328 -0.029410347294 0.01897032439
0.410922192122 -0.029411756294 0.018968136199
0.40924597599 -0.029413237653 0.018965835634
0.407628577056 -0.029412592542 0.018966836869
0.405951988496 -0.029410965603 0.018969357263
0.40433887143 -0.029410192509 0.01897055708
0.402661148293 -0.029411752806 0.018968134186
0.401042854521 -0.029413051909 0.018966116885
0.399372253279 -0.029414416943 0.018963997203
0.397750224134 -0.029413678936 0.018965143063
0.396078473765 -0.029411968161 0.018967797933
0.394462403395 -0.029411118668 0.018969116852
0.392787637735 -0.02941260044 0.018966815964
0.391166590995 -0.029413853334 0.018964870476
0.3894986696 -0.029415185441 0.018962801986
0.387876761109 -0.02941445364 0.018963939761
0.386206520262 -0.029412770824 0.018966570331
0.384595785531 -0.029411982344 0.018967796981
0.382916562719 -0.029413665751 0.018965182192
0.38129883554 -0.029415403694 0.018962482694
0.379628688956 -0.029417435039 0.018959327465
0.378007644277 -0.029417164914 0.018959748785
0.376337475017 -0.029415690345 0.018962060334
0.374780629118 -0.029414088045 0.018963900116
0.373102153384 -0.029415140858 0.018963584309
0.371823430728 -0.029415665573 0.018963156809
0.369896527133 -0.029418044892 0.018961812307
0.368758274323 -0.029417044892 0.018963377085
0.366605375378 -0.029414953779 0.018966786109
0.365480865187 -0.029413804446 0.018968655134
0.363316125347 -0.029415453992 0.018966084016
0.362192162373 -0.02941625411 0.018964836462
0.360028397242 -0.029417721133 0.018962555199
0.358952377915 -0.029417104613 0.018963817148
0.357855344755 -0.029415789546 0.018965225483
0.355810922062 -0.029413148018 0.018968120553
0.354586100716 -0.029413982041 0.018966921753
0.352524338832 -0.029415512464 0.018964578264
0.351297568444 -0.029416385719 0.018963243867
0.349232994658 -0.029416119463 0.018963646502
0.348004827003 -0.029415085603 0.018965224158
0.345944056924 -0.029413131217 0.018968209903
0.344711941501 -0.029413928118 0.018967002602
0.342647470498 -0.029415502184 0.018964621097
0.341422517197 -0.029416392235 0.018963272482
0.339346318213 -0.029416168781 0.018963693685
0.338126108649 -0.029415155008 0.018965299984
0.336036322794 -0.029413217797 0.018968406669
0.334830180097 -0.02941402444 0.018967170646
0.332741212294 -0.029415610772 0.018964758631
0.331541345754 -0.029416474716 0.018963445353
0.329457417603 -0.029416182613 0.018963805933
0.328252948516 -0.029415111554 0.018965363872
0.326194796876 -0.029413034845 0.018968354113
0.324964712901 -0.029413820749 0.018967162369
0.322904083496 -0.029415354414 0.01896481054
0.321676640396 -0.029416231305 0.018963469277
0.319576306052 -0.029416080733 0.018964060723
0.318366624273 -0.029415173767 0.018965801201
0.316176511406 -0.029413432057 0.018969333467
0.315057449111 -0.029414337977 0.018967970994
0.312877785705 -0.029416063778 0.018965396266
0.311768522322 -0.029416879674 0.018964179872
0.30958677033 -0.029416628567 0.018964549801
0.308478992942 -0.029415540971 0.018966167489
0.306309503914 -0.02941319322 0.018969663576
0.305186060988 -0.029414220703 0.018968321092
0.304080635778 -0.029415111686 0.018966996435
0.301887048318 -0.029416386073 0.018964532696
0.300737359971 -0.029417003062 0.018963353603
0.298595579879 -0.029414974522 0.018966498843
0.297450484221 -0.029413784182 0.018968353702
0.295311526491 -0.029413407338 0.018969052573
0.29418523294 -0.029414018113 0.01896821954
0.292033775132 -0.029414787725 0.018967292063
0.290931430597 -0.029414949547 0.018967182654
0.28874073325 -0.029411607722 0.018971779566
0.28757978706 -0.029409580337 0.018974679526
0.285416767222 -0.029409142375 0.018973846271
0.284015767028 -0.029410853128 0.018970549615
0.282044595672 -0.029411442956 0.018968111161
0.280363123827 -0.029411625522 0.018968263307
0.278657074951 -0.029412909629 0.018965758534
0.276650164255 -0.029415364326 0.018963650592
0.275211042069 -0.029412643341 0.018966384813
0.273468624176 -0.029409795936 0.018968997961
0.271676621516 -0.02941036678 0.018970283059
0.270321234084 -0.029411252045 0.018969815875
0.268607524589 -0.029411739253 0.018972235304
0.266510451073 -0.029407674764 0.018974781174
0.26480900385 -0.029406116531 0.018976592286
0.263057876187 -0.029402698081 0.018979620122
0.261033919153 -0.029404471095 0.018982061737
0.259892413239 -0.029403341089 0.01898294134
0.258142608889 -0.029403002289 0.01898413542
0.256987091117 -0.029399932831 0.018984795746
0.255215790167 -0.029402608731 0.01898568305
0.254081145655 -0.029398296846 0.018986001027
0.252762654567 -0.029401926512 0.018986416523
0.251192952288 -0.029399230644 0.018987152478
0.249945110358 -0.029401532072 0.01898776066
0.248645674421 -0.029397975864 0.018989766639
0.24723636407 -0.029398525982 0.018992362331
0.2460491456 -0.029394769345 0.018994719629
0.244533027975 -0.029394786688 0.018998179948
0.243452919976 -0.029390881567 0.019000802726
0.241990365039 -0.029391966199 0.019002784992
0.24117269428 -0.029389036854 0.01900401565
0.239770558214 -0.029387767987 0.019008434766
0.238882404526 -0.029385288364 0.019011695742
0.237709171724 -0.02938224641 0.019016142909
0.236590360559 -0.02937999987 0.019020411727
0.235591454658 -0.02937749068 0.019024039965
0.234571503325 -0.029375203781 0.019028002985
0.233404667759 -0.029371888135 0.019032950149
0.232553108683 -0.029368584914 0.01903676103
0.231216017358 -0.029365811381 0.019043265303
0.230569163274 -0.029361667948 0.019047281779
0.229869202666 -0.02935940562 0.019052641317
0.228759485225 -0.02934877255 0.019068074875
0.227654174853 -0.029334904407 0.019090204302
0.226879742613 -0.029320940184 0.019108977553
0.226132026809 -0.02930866403 0.019130622552
0.225 -0.029283729612 0.019168387177
