0.225 -0.034212644696 0.00738097575
0.225 -0.034698199018 0.00759317416
0.225 -0.035107290981 0.007776441603
0.225 -0.03550627673 0.007956633563
0.225 -0.036009806686 0.008189838416
0.225 -0.036516684238 0.008425240625
0.225 -0.036916898114 0.008614600552
0.225 -0.037353306488 0.008822814345
0.225 -0.037959762862 0.009116059521
0.225 -0.03847532851 0.00936900549
0.225 -0.038977790828 0.009620890726
0.225 -0.03952651095 0.009897832131
0.225 -0.03983375583 0.010053492516
0.225 -0.040542251792 0.01042347849
0.225 -0.041038062137 0.010683924157
0.225 -0.041661601415 0.011014308911
0.225 -0.042235139648 0.011327070004
0.225 -0.042639160476 0.011548747984
0.225 -0.043379563201 0.011965123714
0.225470514259 -0.043377277231 0.011974940165
0.226324205204 -0.043373155914 0.011990023658
0.227123849976 -0.043370057423 0.012000898027
0.227694211249 -0.043367889129 0.01200703149
0.228416743045 -0.043366923108 0.012012399988
0.229061986115 -0.043365517118 0.012015308486
0.230013018075 -0.043365146663 0.01201847815
0.230609820398 -0.043364516587 0.012020273473
0.23139077991 -0.043363869863 0.012022341216
0.232157401303 -0.043363492585 0.012024147839
0.232769601792 -0.043363202061 0.012025366595
0.233823865018 -0.043362340137 0.012027382772
0.235175086931 -0.043362066094 0.012028314118
0.236017694735 -0.043361807162 0.012029217218
0.237362299944 -0.043361230717 0.012031219968
0.238212275822 -0.043360777962 0.012032810287
0.239548113829 -0.043359903907 0.012035868225
0.240396888528 -0.043359171678 0.012036224224
0.241830319516 -0.043358622329 0.012039484666
0.242951940301 -0.043358347749 0.012041401302
0.24429740946 -0.043357920727 0.012041896578
0.245489741158 -0.043358515253 0.012042036229
0.246771019554 -0.043357845989 0.012041948949
0.248027067583 -0.043358795228 0.012041535064
0.249036427953 -0.043357920507 0.01204220533
0.250661097314 -0.043356260084 0.012042850744
0.252415282696 -0.04335789304 0.012043084684
0.253464964362 -0.043357559424 0.012043342701
0.254768667059 -0.043356942242 0.012043758948
0.256269428057 -0.043356326496 0.012044357812
0.258207399138 -0.043357877134 0.012044821216
0.259216033027 -0.043357190925 0.01204488644
0.260454883373 -0.043356706705 0.012044774946
0.262209877818 -0.043355378161 0.01204521403
0.264130201486 -0.043357338996 0.012045181483
0.265236920802 -0.04335709314 0.012045007962
0.266440457366 -0.043356689787 0.012046035071
0.268473430495 -0.043355986609 0.012047534924
0.269732968019 -0.043355686347 0.012048281882
0.271723249226 -0.043355154769 0.01204913213
0.27306866772 -0.043354834693 0.012050011626
0.27501099002 -0.04335399057 0.012052065023
0.276398145437 -0.043354385629 0.01205061456
0.278299479573 -0.04335497171 0.012048458807
0.279691416189 -0.043355420555 0.012046811104
0.281588637462 -0.043355708824 0.012045748125
0.282983195058 -0.043355599616 0.012046147935
0.284880549175 -0.043355377474 0.01204695761
0.286274424933 -0.043355481247 0.012046576883
0.288171941893 -0.043355365409 0.012047001873
0.289565051713 -0.043355142008 0.012047821497
0.291464209903 -0.043354951886 0.012048519029
0.292855982481 -0.043354942196 0.012048554578
0.294756106682 -0.04335470863 0.012049411498
0.296147165264 -0.043354857973 0.012048863582
0.298046745513 -0.043355042341 0.012048187163
0.29943914978 -0.04335514147 0.012047823473
0.301337992394 -0.043355097165 0.012047986019
0.302729970911 -0.043354891372 0.012048741045
0.304630363547 -0.043354636335 0.012049676738
0.306021111243 -0.043354787678 0.012049121484
0.307921013304 -0.043354965034 0.012048470788
0.309313060483 -0.043355054995 0.012048140735
0.31121231925 -0.043354992769 0.012048369035
0.312603828921 -0.043354780729 0.012049146977
0.314504714909 -0.043354520698 0.012050100992
0.315894973362 -0.04335467892 0.012049520499
0.317795329565 -0.043354865497 0.012048835976
0.319186956596 -0.043354961829 0.012048482549
0.321086592795 -0.043354912823 0.012048662343
0.322477777885 -0.043354711803 0.012049399855
0.324378943138 -0.043354461537 0.012050318045
0.32576895717 -0.043354625975 0.012049714745
0.32766952538 -0.043354821203 0.012048998485
0.329060972468 -0.043354923591 0.012048622839
0.330960757434 -0.043354882828 0.012048772391
0.332351823408 -0.043354687165 0.01204949025
0.334253081272 -0.043354443699 0.012050383491
0.335643032226 -0.043354614883 0.012049755443
0.337543628061 -0.043354819625 0.012049004272
0.33893508334 -0.043354928925 0.012048603267
0.340834826009 -0.043354896893 0.012048720787
0.342225965008 -0.043354706593 0.01204941897
0.344127121776 -0.043354470639 0.012050284651
0.345517195949 -0.043354644457 0.012049646938
0.347417651265 -0.043354854501 0.01204887632
0.348809269564 -0.04335496882 0.012048456899
0.350708801661 -0.043354953579 0.012048512817
0.352100234237 -0.043354784559 0.012049132926
0.35400099316 -0.043354575148 0.012049901224
0.355391489251 -0.043354733465 0.012049320383
0.357291592621 -0.043354926916 0.01204861064
0.358683509301 -0.04335503326 0.01204822048
0.36058280642 -0.043354996914 0.012048353827
0.36197436065 -0.043354797022 0.012049087202
0.363875149046 -0.043354549167 0.012049996543
0.365265702825 -0.043354785904 0.01204912799
0.367165381198 -0.043355069404 0.012048087871
0.368558026248 -0.043355224843 0.01204751759
0.37045638624 -0.04335523515 0.012047479773
0.371849255032 -0.043355161718 0.012047749184
0.373747434647 -0.043355381006 0.012046944649
0.375141554491 -0.043355589666 0.012046179108
0.377037804761 -0.043355837966 0.012045268132
0.378433754082 -0.043355971808 0.012044777085
0.380329341297 -0.043355759938 0.012045554404
0.381723777133 -0.043355355665 0.012047037621
0.383622328439 -0.04335501658 0.012048281674
0.385014824172 -0.043355209182 0.012047575047
0.386912762234 -0.043355444332 0.012046712317
0.388306992021 -0.043355576766 0.012046226437
0.390203837021 -0.043355578089 0.012046221583
0.391597956283 -0.043355392316 0.012046903155
0.393496171529 -0.043355134066 0.012047850638
0.394889261948 -0.043355364453 0.01204700538
0.396786407159 -0.043355652708 0.012045947817
0.398181625259 -0.043355821687 0.012045327857
0.400077324922 -0.043355858485 0.012045192852
0.401472690337 -0.043355683477 0.012045834928
0.403369601249 -0.043355441146 0.012046724004
0.404764051815 -0.043355681214 0.012045843234
0.40665978882 -0.043355981831 0.012044740312
0.408056461538 -0.043356159735 0.012044087611
0.409950659701 -0.043356209111 0.012043906457
0.41134757572 -0.043356044047 0.012044512053
0.413242880541 -0.043355817222 0.012045344238
0.414638995852 -0.043356068685 0.01204442166
0.41653300604 -0.043356386376 0.012043256097
0.417931473725 -0.043356578463 0.012042551357
0.419823785792 -0.043356655453 0.012042268894
0.421222710239 -0.043356518884 0.012042769947
0.423115856267 -0.04335633253 0.012043453649
0.424514212119 -0.043356581016 0.012042541991
0.426405984784 -0.0433569003 0.012041370585
0.427806707699 -0.043357098916 0.012040641892
0.429696750509 -0.043357175811 0.012040359779
0.431097906982 -0.043357022261 0.012040923131
0.43298889928 -0.043356816977 0.012041676286
0.434389512934 -0.043357132126 0.012040520051
0.436278723989 -0.043357524091 0.012039081992
0.437682255364 -0.043357763246 0.012038204567
0.439569290755 -0.043357890855 0.012037736388
0.440973670162 -0.043357785438 0.012038123148
0.442861188054 -0.043357647361 0.012038629733
0.444265402848 -0.043357953431 0.012037506807
0.446151023175 -0.043358349699 0.012036052958
0.4475581911 -0.043358605567 0.012035114217
0.449441471768 -0.043358770664 0.0120345085
0.450849740786 -0.043358689626 0.012034805816
0.452733269665 -0.043358572761 0.012035234576
0.454141553578 -0.04335889436 0.012034054676
0.456023039564 -0.043359305013 0.012032548051
0.457434399816 -0.043359573092 0.012031564511
0.459313481081 -0.043359729224 0.012030991686
0.460725761566 -0.043359570953 0.012031572358
0.462606092052 -0.043359158399 0.012033085956
0.46401709002 -0.043359553542 0.012031636235
0.465895447775 -0.043360080616 0.012029702479
0.467310401016 -0.043360445438 0.012028364001
0.469184914571 -0.043360951889 0.012026505908
0.470603585037 -0.043361279097 0.012025305432
0.472474485334 -0.043361775477 0.012023484286
0.47389707139 -0.043362251422 0.012021738117
0.475763548074 -0.043362832073 0.012019607792
0.477190511757 -0.043363202655 0.012018248185
0.479053131561 -0.043363649825 0.012016607582
0.480483951279 -0.0433641535 0.012014759674
0.482341540762 -0.043365006172 0.012011631349
0.483776430242 -0.043364663779 0.012012887538
0.485634242033 -0.04336439393 0.012013877574
0.487067043507 -0.043364318342 0.012014154895
0.488875736312 -0.043365255985 0.012012131768
0.490112061536 -0.043366187222 0.012009288376
0.491952514948 -0.043367809354 0.012006345502
0.493069802967 -0.043368482054 0.01200426692
0.495019385856 -0.043369842703 0.012000271979
0.496091702272 -0.043370599859 0.011997950548
0.497407703771 -0.043371775032 0.011995285772
0.498755156159 -0.043371039903 0.011993450885
0.4998065751 -0.04337135127 0.011991173102
0.501485389432 -0.043372690241 0.011987686467
0.502828561928 -0.043374055013 0.011984431644
0.503922757334 -0.043375644167 0.011980557468
0.50598977535 -0.043377010534 0.011970200108
0.507578582118 -0.043380281977 0.011964042427
0.508332529408 -0.043376881312 0.011962035135
0.509409814909 -0.043380359885 0.011959267802
0.5108581148 -0.043380866248 0.011956614817
0.5126271187 -0.043383798089 0.011951566
0.513591223196 -0.043382788777 0.011948077886
0.515305576683 -0.043386019527 0.011940806275
0.516444176981 -0.043387010988 0.0119354484
0.518104886457 -0.04339071793 0.011925320031
0.5189703547 -0.043390989375 0.011917743366
0.520393212978 -0.043397333148 0.011901755445
0.521334384795 -0.043398492409 0.011889203873
0.522383131199 -0.043404905245 0.011872360196
0.523881322233 -0.043411301015 0.011843923709
0.52475 -0.04283561702 0.011644565016
0.52475 -0.042164523875 0.011430811545
0.52475 -0.041045568688 0.011055771134
0.52475 -0.040358731987 0.01082700054
0.52475 -0.039540984522 0.010548421675
0.52475 -0.038559485968 0.010220752748
0.52475 -0.037873826282 0.009987623921
0.52475 -0.037068630137 0.009693091482
0.52475 -0.036270175798 0.009389055375
0.52475 -0.035737753664 0.009184205909
0.52475 -0.035187241991 0.008965967953
0.52475 -0.034407676787 0.008651173495
0.524373121742 -0.033966924279 0.008432538668
0.523315009089 -0.033993916001 0.008323616096
0.522477862422 -0.034015115738 0.008242315242
0.521083885694 -0.034042747607 0.008119906172
0.520245084418 -0.034059658765 0.008057625769
0.518824875354 -0.034078095106 0.007968984032
0.517923982252 -0.034090014225 0.007925721334
0.516236576486 -0.03410421127 0.007860445456
0.515099448928 -0.034114233717 0.007820053264
0.513484636926 -0.034126314929 0.007765560375
0.512456266446 -0.034133365944 0.007734303065
0.511058249066 -0.034140807966 0.007694991943
0.510232070405 -0.034147490679 0.007674781143
0.508268251441 -0.034156584391 0.007636060152
0.506995721097 -0.034160240301 0.007615022421
0.505751926566 -0.03416419587 0.007594982185
0.503809069848 -0.03416938054 0.007565872395
0.502312970324 -0.034174422594 0.00754393983
0.500624947165 -0.034178726334 0.007521470716
0.498972036922 -0.034183631791 0.007499524068
0.497313607155 -0.034188500852 0.00748035866
0.49592655263 -0.034191882146 0.007465543357
0.493971435697 -0.034197368231 0.007447872852
0.492876716965 -0.034199828107 0.007439189745
0.49174648869 -0.034200611128 0.007431370627
0.4897488353 -0.034202739931 0.007417010685
0.488433853528 -0.034204297153 0.007409528973
0.486468419146 -0.034206640019 0.007398272615
0.485131403819 -0.034208244624 0.007390563252
0.483188622887 -0.034210760892 0.007378473781
0.481828005211 -0.034212530059 0.007369973776
0.479908947635 -0.034214924864 0.007358467878
0.478527281934 -0.034215862637 0.007353962325
0.476623392239 -0.03421699454 0.007348524072
0.475230542769 -0.034217776218 0.007344768479
0.473337293366 -0.034218870649 0.007339510263
0.471933958797 -0.034219634525 0.0073358402
0.470051355759 -0.034220804195 0.007330220495
0.468637452856 -0.03422146504 0.007327045448
0.466764019178 -0.034222239476 0.00732332465
0.465342461905 -0.03422275597 0.007320843144
0.463475954901 -0.034223415579 0.007317674037
0.462048027667 -0.034223848618 0.007315593487
0.460187848042 -0.034224576515 0.007312096292
0.458753638295 -0.034224925287 0.007310420605
0.456898507565 -0.034225298081 0.007308629511
0.455460467658 -0.034225567887 0.007307333221
0.453608952327 -0.034225943156 0.007305530229
0.452167281415 -0.034226216044 0.007304219132
0.450319813502 -0.034226736544 0.007301718381
0.448873888638 -0.034226937762 0.007300751622
0.44702953445 -0.034227123823 0.007299857689
0.445581598689 -0.034227266692 0.007299171269
0.443739180491 -0.034227484423 0.007298125179
0.442289148983 -0.034227652522 0.007297317541
0.440449374124 -0.034228040055 0.007295455627
0.438996404987 -0.034228143167 0.007294960225
0.437158478921 -0.034228207883 0.007294649293
0.43570468682 -0.034228268449 0.007294358304
0.433867622918 -0.034228389674 0.007293775877
0.432412684254 -0.034228495023 0.007293269722
0.430577352751 -0.034228780117 0.007291899983
0.42912036274 -0.034228835196 0.007291635356
0.427286184472 -0.034228850686 0.007291560933
0.425828888392 -0.034228873638 0.007291450659
0.42399507753 -0.034228943101 0.007291116925
0.42253714207 -0.034229008948 0.00729080056
0.420704604661 -0.034229261349 0.007289587894
0.419245026854 -0.034229275644 0.007289519211
0.417413163987 -0.0342292349 0.007289714968
0.415953812745 -0.034229221399 0.007289779835
0.414121847636 -0.034229252731 0.0072896293
0.412662235106 -0.034229296629 0.007289418387
0.410831227922 -0.034229518678 0.007288351548
0.409370255728 -0.034229514945 0.007288369483
0.407539680833 -0.034229454328 0.007288660718
0.406079139245 -0.034229425929 0.007288797165
0.404248269713 -0.034229438406 0.00728873722
0.402787653861 -0.034229468302 0.007288593583
0.40095756133 -0.034229672773 0.007287611198
0.399495758055 -0.034229656852 0.007287687689
0.397665938507 -0.034229581449 0.007288049966
0.396204713109 -0.034229542357 0.007288237784
0.394374460959 -0.034229541867 0.007288240138
0.392913289924 -0.034229562577 0.007288140636
0.391083692987 -0.03422975501 0.007287216085
0.389621450467 -0.034229731058 0.007287331166
0.387792002977 -0.034229639757 0.007287769822
0.386330497059 -0.03422958396 0.007288037901
0.384500398754 -0.034229555058 0.007288176761
0.383039228502 -0.034229549107 0.007288205353
0.381209513968 -0.034229726596 0.0072873526
0.379747520802 -0.03422967066 0.007287621346
0.377917652284 -0.034229550199 0.007288200106
0.376456654752 -0.034229492449 0.007288477567
0.374626114326 -0.034229489101 0.007288493651
0.373165197431 -0.034229524827 0.007288322007
0.37133544689 -0.034229738052 0.007287297561
0.369873260188 -0.034229728136 0.007287345204
0.368043853984 -0.034229657383 0.007287685135
0.36658220575 -0.034229617021 0.007287879057
0.364752353855 -0.034229609759 0.007287913948
0.363290830671 -0.034229620107 0.00728786423
0.361461484871 -0.034229786926 0.007287062747
0.359999052476 -0.034229766769 0.00728715959
0.358169850438 -0.034229691467 0.007287521381
0.356708019672 -0.034229647949 0.007287730462
0.35487832456 -0.034229634671 0.007287794257
0.353416673587 -0.034229640709 0.007287765249
0.351587477718 -0.034229819724 0.007286905165
0.350124883569 -0.034229791581 0.007287040378
0.348295774197 -0.034229699659 0.007287482023
0.346833922969 -0.034229647045 0.007287734808
0.345004205239 -0.03422962752 0.007287828616
0.343542596677 -0.034229632755 0.007287803463
0.341713346257 -0.034229808249 0.0072869603
0.340250814017 -0.034229781007 0.007287091183
0.338421652563 -0.034229691683 0.00728752034
0.336959843589 -0.034229639971 0.007287768794
0.335130085679 -0.034229620283 0.007287863384
0.333668521426 -0.03422962421 0.007287844517
0.331839218948 -0.034229798252 0.007287008329
0.330376745351 -0.034229770117 0.007287143505
0.328547519075 -0.034229679486 0.007287578944
0.327085781568 -0.034229626714 0.007287832486
0.32525594513 -0.034229605571 0.00728793407
0.323794466809 -0.034229608317 0.007287920878
0.321965069536 -0.034229780383 0.00728709418
0.320502700544 -0.03422975073 0.007287236652
0.318673359586 -0.034229658028 0.007287682038
0.317211747485 -0.034229603507 0.007287943985
0.315381773685 -0.034229579855 0.007288057624
0.313920445685 -0.034229580494 0.007288054553
0.312090884098 -0.034229749683 0.007287241679
0.310628694418 -0.034229717565 0.007287395992
0.308799159312 -0.034229622044 0.007287854925
0.30733775427 -0.034229565744 0.007288125418
0.305507563279 -0.034229540262 0.007288247849
0.304046460419 -0.0342295399 0.007288249586
0.302216665258 -0.034229707087 0.007287446335
0.300754721223 -0.034229672672 0.007287611683
0.298924928015 -0.034229575011 0.007288080898
0.29746379003 -0.034229517662 0.007288356431
0.295633327864 -0.034229491762 0.007288480869
0.294172496485 -0.034229491708 0.007288481125
0.292342429554 -0.034229658484 0.00728767985
0.290880876475 -0.03422958203 0.007288047172
0.289050389044 -0.034229418395 0.007288833362
0.287590260527 -0.034229314741 0.007289331368
0.285758501062 -0.034229232631 0.007289725869
0.284299232928 -0.034229194068 0.007289911147
0.28246694848 -0.034229166324 0.00729004444
0.281008980951 -0.034228884839 0.007291399439
0.279174114623 -0.034228532546 0.007293099711
0.277719891847 -0.034228336859 0.007294040184
0.275882206058 -0.034228213975 0.007294638307
0.274429647764 -0.034228200251 0.007294704532
0.272590923157 -0.034228030584 0.007295524832
0.271188825003 -0.034228711002 0.007294800406
0.269163622145 -0.03423069484 0.007293646382
0.268046134595 -0.034231103573 0.007293412338
0.266866753273 -0.034230228004 0.007293502082
0.264905121543 -0.034228538337 0.007294356457
0.263419859364 -0.034228340922 0.007295700384
0.261805878812 -0.034228286872 0.007295718647
0.260152335084 -0.034229128703 0.007295603818
0.258844361009 -0.034229335202 0.007295825529
0.256876581095 -0.034230883961 0.007296758182
0.255876350342 -0.034229792174 0.007297812787
0.25466846981 -0.034228884592 0.007299343599
0.253009353043 -0.034227863945 0.007300625484
0.251490256723 -0.034228814859 0.0073012463
0.250431300704 -0.034229481369 0.007301938202
0.249440180139 -0.034228773094 0.007302749922
0.247854219846 -0.03422701524 0.007304421255
0.246363516414 -0.034227546657 0.00730649833
0.245295824077 -0.03422822422 0.007307372928
0.244097887964 -0.034227275412 0.007308341556
0.243055895759 -0.034226902861 0.007308960515
0.242291209561 -0.034228168823 0.00730944509
0.241070179295 -0.034226238323 0.007310164318
0.239905892814 -0.034227036012 0.007310905573
0.239256424814 -0.034225892663 0.007311755531
0.238746253621 -0.03422743969 0.007312588993
0.237786592253 -0.034226268983 0.007314128837
0.237066527854 -0.034226307808 0.007315324188
0.236316790642 -0.034225952854 0.007316601716
0.23538668999 -0.034226118373 0.00731822786
0.23482316779 -0.03422609683 0.00731832552
0.233876913674 -0.03422602446 0.007318866046
0.233352003232 -0.034225906273 0.007319499544
0.23239509932 -0.034225571939 0.007321238011
0.231880049569 -0.034225316797 0.007322499699
0.230914534305 -0.034224714394 0.007325458524
0.230479330381 -0.034224309592 0.007326871773
0.229790967732 -0.034223573886 0.007329310521
0.229238754124 -0.034223145813 0.007331460064
0.228672003941 -0.034222592616 0.007333796062
0.227997620292 -0.034222140169 0.007336813046
0.227553247622 -0.034221798076 0.007338911192
0.226971155402 -0.034220889022 0.007343310877
0.226621708997 -0.034219852083 0.007347270007
0.226248982322 -0.034218827033 0.00735300881
0.225810854498 -0.034216917563 0.007361127092
0.225416271594 -0.034215113602 0.007370113524
0.225 -0.034212644696 0.00738097575
