0.225 0.027136498751 0.022103377926
0.225 0.02730171353 0.022873372063
0.225 0.027520758442 0.024087242808
0.225 0.027659019797 0.024970352676
0.225 0.027802744099 0.026208486356
0.225 0.027874050563 0.027043360812
0.225 0.027909724757 0.027728973135
0.225 0.027931316557 0.029048464353
0.225 0.027910320799 0.030035009384
0.225 0.02787293683 0.030953220603
0.225 0.027821198418 0.031634000754
0.225 0.027693801771 0.032836469705
0.225 0.027550092354 0.033750859326
0.225 0.027384553385 0.034681067148
0.225 0.027151561319 0.035810992588
0.225076625643 0.027126566709 0.035904467913
0.226431191023 0.027048186045 0.035962473823
0.227507352773 0.027000961051 0.035998700176
0.228577977557 0.02696106476 0.036027759201
0.229800590888 0.026932468978 0.036050085423
0.230735837516 0.026918566832 0.03605868263
0.231633578885 0.026915802997 0.036062557179
0.233056498286 0.026899692255 0.036073988767
0.234342190482 0.026890371611 0.036081373111
0.235329668576 0.026882119283 0.036085993886
0.236407241673 0.026878863463 0.036089981018
0.237592807992 0.026872398407 0.036093522048
0.238640960037 0.026870195647 0.036096112411
0.239943459688 0.026865494233 0.036100455095
0.241251762358 0.026858371466 0.036104929954
0.242336965321 0.026852719489 0.036108635129
0.243898174306 0.026849895285 0.036112021225
0.244692272305 0.026844121431 0.0361136471
0.245793996381 0.026844233081 0.036115849479
0.24713226121 0.026836904302 0.036119117785
0.247966398455 0.026837797367 0.036121021922
0.249616522904 0.026829901194 0.036124964869
0.25060462543 0.026829661626 0.036126386575
0.251977898834 0.026828307652 0.03612716531
0.253054183312 0.026826673244 0.036128227246
0.254039065476 0.026825440088 0.036129779376
0.255057982375 0.026823492778 0.036130919809
0.256508424569 0.026820568323 0.036132443326
0.25797144314 0.02681940238 0.036133987663
0.258992930633 0.026818662067 0.036134998817
0.25988668795 0.026817113294 0.036135833216
0.26064732226 0.026817375588 0.036135709847
0.261959978295 0.02681564174 0.036135531024
0.263198342638 0.026814061487 0.036137412598
0.264177522456 0.026812633682 0.036138898415
0.264953953535 0.026811878663 0.036140014886
0.266396076654 0.026806941093 0.036142094244
0.267585749318 0.026805499895 0.036143662819
0.268915812548 0.026806050812 0.036143332196
0.270028643624 0.026807165816 0.036142968832
0.270967017762 0.026806970716 0.036142841666
0.272193620741 0.026806207838 0.036142851485
0.273018832207 0.026807415021 0.036142974899
0.27435828414 0.026804674305 0.036143433127
0.276196751766 0.026807422279 0.036143586539
0.27733468162 0.026804070813 0.036144470556
0.278756684863 0.026801136732 0.03614648992
0.280296852835 0.02680212063 0.036146837989
0.281711727989 0.026800251464 0.036147068791
0.283247631165 0.026802052181 0.036146872062
0.284375270436 0.026800078173 0.036148744359
0.286576679458 0.026795666967 0.036150413452
0.287899668853 0.026795553325 0.036150043327
0.289909307381 0.026797407269 0.036147581842
0.291532950494 0.02679997059 0.036146526028
0.294026968052 0.026803322465 0.036145851059
0.295245085036 0.026800633532 0.036147863264
0.297467138753 0.026796156764 0.036151245397
0.298676355897 0.026794014882 0.036152860279
0.300908475797 0.026790496745 0.036155545514
0.302057779156 0.026794139917 0.036152896888
0.304210058383 0.026801457404 0.036147583735
0.305345682655 0.026799030578 0.036149345829
0.307496659474 0.026794727359 0.036152470352
0.308641554859 0.026792667068 0.036153966308
0.310784032762 0.026789087883 0.036156565118
0.311932965062 0.026792605225 0.036154011212
0.314082921743 0.026799711974 0.036148851074
0.315220985106 0.02679733129 0.036150579664
0.317369644491 0.026793153743 0.036153612938
0.318516714298 0.026791169756 0.036155053491
0.320657197516 0.026787768109 0.036157523392
0.321807853128 0.026791491172 0.036154820115
0.323956470786 0.02679893493 0.036149415278
0.325095583709 0.026796626044 0.036151091736
0.32724333249 0.026792572948 0.036154034648
0.328391183747 0.026790646913 0.036155433122
0.330530993902 0.026787340388 0.036157833956
0.331682205133 0.026791134195 0.036155079312
0.333830439542 0.026798750646 0.036149549085
0.334969774822 0.026796496295 0.036151185946
0.337117408369 0.026792539953 0.036154058605
0.338265272083 0.026790662316 0.036155421939
0.340405163053 0.02678743912 0.036157762268
0.341556172714 0.026791320138 0.0361549443
0.343704783033 0.026799095599 0.036149298618
0.344843558571 0.026796941863 0.036150862423
0.34699194768 0.026793161461 0.036153607335
0.348138867803 0.026791373437 0.0361549056
0.35027987411 0.026788303185 0.036157134879
0.35142965296 0.026792194344 0.036154309549
0.35357955763 0.0268000494 0.036148606073
0.354716920234 0.026797983543 0.036150106071
0.356866901463 0.026794368326 0.036152731042
0.358012046825 0.02679267306 0.036153961958
0.360155016104 0.02678977586 0.036156065585
0.361302704909 0.02679367343 0.036153235599
0.363454750568 0.026801594023 0.036147484537
0.36458985402 0.02679962951 0.036148910951
0.366742253996 0.026796138345 0.03615144585
0.367884864952 0.026794482371 0.036152648235
0.370030401851 0.026791592787 0.036154746333
0.37117536167 0.026795710639 0.036151756403
0.373330556223 0.026804003984 0.03614573469
0.374462241235 0.026802047398 0.036147155347
0.376618099755 0.026798604944 0.036149654877
0.377757178385 0.026797004462 0.036150816971
0.379906386069 0.026794254932 0.036152813377
0.381047550918 0.026798408117 0.036149797792
0.383206619982 0.026806778465 0.036143720168
0.384334362007 0.026804841583 0.036145126518
0.386494192082 0.026801419771 0.036147611061
0.387629274238 0.02679983384 0.036148762589
0.389782498625 0.026797098327 0.036150748816
0.39091945664 0.026801506014 0.03614754844
0.393083286398 0.026810404075 0.036141087649
0.394205800787 0.026808598941 0.036142398338
0.396371107849 0.026805397538 0.036144722844
0.397500475301 0.026803926925 0.036145790641
0.399659630804 0.026801381733 0.03614763868
0.400790525323 0.026805786061 0.036144440742
0.402960449083 0.026814730563 0.03613794623
0.404076742243 0.02681305867 0.036139160175
0.406248547143 0.026810114681 0.036141297775
0.407371129165 0.026808792818 0.036142257566
0.409537380522 0.026806537286 0.036143895285
0.410660872948 0.026811084453 0.036140593634
0.412838512578 0.026820329263 0.036133881072
0.413946768271 0.026818811252 0.036134983284
0.416126936136 0.026816173079 0.036136898834
0.417240813239 0.026815028342 0.036137730017
0.419416146371 0.026813127917 0.036139109896
0.420530199038 0.026817825556 0.036135698988
0.422717628351 0.02682741409 0.036128736852
0.423815778035 0.026825999102 0.03612976426
0.426006291485 0.026823596259 0.03613150894
0.427109548619 0.026822603702 0.036132229625
0.429295850545 0.026821043741 0.036133362297
0.430398459659 0.026826071416 0.036129711754
0.431497196703 0.026831014169 0.0361260046
0.433683534211 0.026834834366 0.036123104656
0.434790573499 0.026833807008 0.036123884532
0.436976797397 0.026832199356 0.036125104914
0.438080340443 0.026831585012 0.036125571268
0.440265307442 0.026836167446 0.036122092704
0.441378752535 0.026841372925 0.036118141182
0.443549690759 0.026845868421 0.036114728614
0.444672874032 0.026845200308 0.036115235784
0.446842155098 0.026844343175 0.03611588644
0.447963432813 0.026844078338 0.03611608748
0.450129960361 0.026849290353 0.036112130996
0.451262562954 0.026854863771 0.036107900169
0.453413584976 0.026860045323 0.036103966809
0.4545574619 0.026859771192 0.036104174904
0.456705138633 0.026859785204 0.036104164268
0.457848986594 0.026859991077 0.036104007988
0.459991910324 0.026866168229 0.03609931886
0.461149263102 0.026872369051 0.036094611765
0.463274343127 0.026878578873 0.036089897837
0.464445317293 0.026878881348 0.036089668226
0.466564641794 0.026880062195 0.036088771835
0.467738160835 0.026880933387 0.036088110506
0.469850053418 0.026888334637 0.036082492155
0.471039904861 0.026895350049 0.036077166698
0.473130875507 0.026902982898 0.036071372539
0.474337836724 0.026904470823 0.036070243042
0.47641837499 0.026908354869 0.036067294631
0.477634014217 0.026911154413 0.036065169474
0.479854885449 0.026923273442 0.036056973024
0.481040659209 0.026931183207 0.036050721871
0.482327145442 0.026938576507 0.036044198241
0.484376282361 0.026940928515 0.036042725874
0.485567136617 0.02694377566 0.036040747934
0.487659173268 0.026951425709 0.036035416202
0.488803053977 0.026957029273 0.036031444208
0.489861171054 0.026960344165 0.036027884059
0.491060384664 0.026967787874 0.036022937373
0.492078701689 0.02697353687 0.036018167544
0.493903587345 0.02698512208 0.036009495506
0.495420587351 0.026993486626 0.036003192427
0.49723369427 0.02700266283 0.035996326979
0.498194356763 0.027016534123 0.035986209249
0.499337481254 0.027034422813 0.035972396241
0.500296573949 0.027051668491 0.035959771386
0.501839471434 0.027056641451 0.035956453305
0.502954008525 0.027056652237 0.035953622736
0.504181574098 0.027066352061 0.035949219951
0.505646452749 0.02707535552 0.035941076759
0.50676441896 0.027091886401 0.035930222511
0.508537362008 0.027114721599 0.035912135743
0.51004911646 0.027132830531 0.035899187488
0.511075064647 0.027143967041 0.03588960938
0.512676588028 0.027175810004 0.035867036833
0.513669493332 0.027192489556 0.035850954046
0.514677701302 0.027220610694 0.035832981717
0.516270673624 0.027258023865 0.035802455331
0.517587464863 0.027296311126 0.035774738882
0.519104743636 0.027351874553 0.035732308719
0.520812176304 0.027436297855 0.035667870279
0.521936416535 0.027498570064 0.035617441189
0.52369550122 0.027623669584 0.03552325844
0.52475 0.02769860496 0.035460826267
0.52475 0.027156278038 0.034464664742
0.52475 0.026447948063 0.033039272977
0.52475 0.025776824118 0.031395555042
0.52475 0.025227644733 0.029871278201
0.52475 0.024628161754 0.027905629122
0.52475 0.024176149519 0.026258253685
0.52475 0.02406643853 0.025410995301
0.523752709186 0.024426505545 0.02506653211
0.521975109384 0.024928801449 0.024563223532
0.520321201957 0.025300278046 0.024183940269
0.519187954307 0.025503659143 0.023967965748
0.517581815427 0.025725563815 0.023730949125
0.516407836284 0.025842389249 0.023601075827
0.514969406682 0.025981117552 0.023450223872
0.513845460587 0.026077227156 0.023340294399
0.512866019877 0.026159301674 0.023252256031
0.511284334089 0.026273984863 0.02312238663
0.509728528733 0.026365076819 0.02301855275
0.508860960262 0.02640720225 0.022966082878
0.507885532494 0.026461156187 0.022908129126
0.506292060837 0.026535903193 0.02281966788
0.504579092143 0.026610687262 0.022734120293
0.503592245724 0.026645025286 0.02268845492
0.502674459745 0.026683439612 0.022649059456
0.50088818026 0.026741747762 0.022579131003
0.499540093324 0.026783815344 0.022526625544
0.497927720465 0.026832055912 0.022468206436
0.496797091867 0.026866982334 0.022430951677
0.494963188383 0.02690848665 0.022375441036
0.493184126706 0.026949917627 0.022328812305
0.491722240718 0.026979186192 0.022294503984
0.490595870102 0.027000472221 0.022269595215
0.488485267096 0.027034194926 0.022225635918
0.486890549016 0.027059238947 0.022195235701
0.485243352816 0.027083123855 0.02216579344
0.483196494004 0.027112252686 0.02213281935
0.481997943251 0.027127421519 0.022115266664
0.480791053222 0.027137406296 0.022102041682
0.478700517375 0.027153520983 0.022080611735
0.477258094098 0.027164239057 0.022067083352
0.475399732103 0.027176775089 0.022050761167
0.473730430334 0.027187673239 0.022037606141
0.472096012956 0.027197148315 0.0220256633
0.470224728405 0.027210513402 0.022010247113
0.468802886527 0.027218314519 0.022000707658
0.466874560693 0.027227677155 0.021989402639
0.465518708861 0.027233626027 0.021982164039
0.463529643988 0.027241125568 0.021973172297
0.462231700843 0.027245399542 0.021968009309
0.46020527983 0.027254873397 0.021956442904
0.458951238141 0.027259049295 0.021951346585
0.456898572563 0.027264979111 0.021944115425
0.455667196692 0.02726813874 0.021940260989
0.453595337892 0.027272561117 0.021934871579
0.452381196331 0.027274755724 0.021932196174
0.450291330159 0.027281310786 0.021924192421
0.449096853201 0.027283606346 0.021921390067
0.446991888245 0.02728700594 0.021917240738
0.44580949266 0.027288640278 0.021915245889
0.443694885466 0.027290926627 0.021912456041
0.442520743291 0.027291920738 0.02191124303
0.44039538157 0.027296761263 0.021905332541
0.439234215919 0.027298038049 0.021903773745
0.437099601475 0.027299906584 0.021901492727
0.435944959194 0.027300712728 0.021900508644
0.433805632958 0.027301733768 0.021899262513
0.432654665925 0.027302078672 0.021898841656
0.430511803127 0.027305870823 0.02189418152
0.429368436437 0.027306564662 0.021893306165
0.427227998946 0.027307471224 0.021892138652
0.426080374936 0.027307796682 0.021891713469
0.423945655717 0.027308009103 0.021891394257
0.422791472998 0.027307966336 0.021891419552
0.420656197226 0.027311083738 0.021887585278
0.419504205622 0.027311470516 0.021887089838
0.417371945085 0.027311839686 0.021886589087
0.416215129083 0.027311906636 0.021886484946
0.41408895628 0.027311681771 0.021886710938
0.412925329746 0.027311428216 0.021886999281
0.410796162376 0.027314162893 0.021883662081
0.40963587029 0.027314385298 0.021883397221
0.407501727405 0.027314475167 0.021883303181
0.406343886862 0.027314397242 0.021883405691
0.404208472609 0.027313936906 0.021883984542
0.403051233182 0.027313561178 0.021884451224
0.400912946387 0.027316096018 0.021881353706
0.399761835453 0.027316201212 0.021881227105
0.397620850682 0.027316098653 0.021881356938
0.396470078151 0.027315925103 0.021881571183
0.394329857455 0.02731530562 0.021882333087
0.393177692954 0.027314854604 0.021882886588
0.391038032407 0.027317250154 0.021879935185
0.389889462722 0.027317287905 0.021879868091
0.387754372291 0.027317077224 0.021880080433
0.38659953827 0.027316860142 0.021880325475
0.384471720756 0.027316176841 0.021881116542
0.383309037731 0.027315703314 0.021881675953
0.381183640525 0.027317888422 0.021878976125
0.380020930753 0.027317956077 0.021878869215
0.377901513884 0.027317762147 0.021879052971
0.376731392021 0.02731753506 0.021879307465
0.374620542706 0.027316805994 0.021880147158
0.37344119613 0.027316281458 0.021880766736
0.371437801569 0.027317094705 0.021878579661
0.370176270646 0.027317086618 0.021878570605
0.368156159588 0.027316729996 0.021878953937
0.366886571596 0.027316435323 0.02187929755
0.364875391247 0.027315623514 0.021880240839
0.363596246472 0.027315039729 0.021880940603
0.361636293014 0.027316664011 0.021878579321
0.360332251663 0.027316734277 0.021878320021
0.358490168832 0.027316232779 0.021878300586
0.357075767969 0.027316199662 0.021878341843
0.355344619556 0.027315498443 0.02187874373
0.353818846988 0.027315318971 0.02187914298
0.352122285325 0.027316496092 0.021877671703
0.350528303251 0.027316619322 0.021877515356
0.348829003883 0.027316463213 0.02187771438
0.347236211934 0.027316269205 0.021877953359
0.345536561095 0.02731577549 0.021878573036
0.343943579853 0.027315265487 0.02187920571
0.342235367891 0.027316465156 0.021877722343
0.34064890112 0.027316540543 0.021877599146
0.338921081273 0.02731638227 0.021877853695
0.337351901407 0.027316123089 0.021878150903
0.335607703233 0.02731559321 0.021878871272
0.33405431891 0.027315006792 0.021879578766
0.332312811761 0.027316305481 0.021877948479
0.330768977378 0.027316466809 0.021877771345
0.329045736806 0.027316280011 0.021877941379
0.327483314838 0.027316138205 0.021878145964
0.325779470093 0.027315620385 0.021878733016
0.324197118974 0.027315169586 0.021879327567
0.322462038907 0.027316276511 0.021877986064
0.320886235192 0.027316133262 0.02187806078
0.319058351263 0.027316005247 0.021878584558
0.317569142263 0.027315586327 0.021879097898
0.315655641414 0.027315067036 0.021880199193
0.314251436144 0.027314407589 0.021881102949
0.312318984661 0.027316054459 0.021879073164
0.31096492252 0.027316065108 0.021879053694
0.309037392711 0.027315720201 0.021879449155
0.307677661076 0.027315407815 0.021879828335
0.305756737964 0.027314607109 0.021880786334
0.304389747226 0.027313969969 0.021881566561
0.302455779736 0.027315686816 0.021879617737
0.301102501452 0.02731567973 0.02187963611
0.299164697242 0.027315368188 0.021880064941
0.297817679085 0.027315069066 0.021880443774
0.295874497026 0.027314337557 0.021881390416
0.29453227224 0.027313749572 0.021882125423
0.292570046647 0.027314927117 0.021880738033
0.291241111185 0.027314376563 0.021881535082
0.289214203448 0.027313026428 0.021883646692
0.287942681874 0.027311742057 0.021885390189
0.28586087935 0.027309089905 0.021889137022
0.284642573496 0.027307131231 0.021891745409
0.283382294986 0.027310444376 0.021889058333
0.281251705253 0.027310168896 0.021887123848
0.279823472657 0.027310266672 0.021886462539
0.277848456342 0.027309043002 0.021886617807
0.276118300754 0.027308760929 0.021887477475
0.274443544564 0.027307053412 0.021889257739
0.272726392126 0.027300922692 0.021895318022
0.270514048456 0.027300628035 0.021897812702
0.26891282231 0.027300190057 0.021899415165
0.267551584827 0.027301054661 0.021900623001
0.265099546404 0.027296826117 0.021902281731
0.263358147791 0.027295889775 0.021903188469
0.261394782145 0.027293689245 0.021903915579
0.260343336815 0.027298607122 0.02190371605
0.258254784511 0.027298240765 0.021904421245
0.256175784719 0.027296668373 0.021906074687
0.254986478593 0.027293139283 0.021907379896
0.253675612851 0.027293908772 0.021909327132
0.251718238178 0.027290174283 0.021912768624
0.250326880043 0.027290072221 0.021913372118
0.24928996584 0.0272892167 0.021913952835
0.247899437371 0.02728868123 0.021915096495
0.246861838673 0.027287513015 0.021916081828
0.245408341542 0.027284739589 0.021919880934
0.244278883372 0.027281962374 0.021923236347
0.243047139508 0.027280044145 0.021925520686
0.241998458082 0.027279034905 0.021927667061
0.240837868255 0.027276163108 0.02193033195
0.239718361511 0.027275074843 0.021933132814
0.238634354582 0.02727066068 0.021936787084
0.237373397199 0.027266788656 0.021941411396
0.236223628802 0.027264500022 0.021945237013
0.235187547849 0.027260172553 0.021950761288
0.233933433287 0.027254400577 0.021958065513
0.233041551336 0.027249026481 0.021963535377
0.231639877367 0.027243087823 0.021972831089
0.230895716212 0.027236835404 0.021978006132
0.230027515471 0.027233112232 0.021984772512
0.228926343777 0.027221046966 0.021998616216
0.227828800539 0.027204864127 0.022019586501
0.226959259549 0.027186301884 0.022040452091
0.226129674247 0.027168362083 0.022064754711
0.225 0.027136498751 0.022103377926
