0.225 0.032383338989 0.01327515423
0.225 0.032790332514 0.013669640861
0.225 0.033505011592 0.014373602246
0.225 0.034151904028 0.015024969273
0.225 0.034647950211 0.015542486599
0.225 0.035267867583 0.016218779148
0.225 0.035827685365 0.016852885089
0.225 0.036410192312 0.01751307047
0.225 0.037043982456 0.018287841462
0.225 0.037784086399 0.019215482871
0.225 0.038291603888 0.019872347839
0.225 0.038833868053 0.020592746965
0.225 0.039506894331 0.021542170899
0.225710967491 0.039498526352 0.021560382244
0.226921101927 0.039483387804 0.021587379365
0.228049758801 0.039472766587 0.021607319228
0.228886986912 0.039464738608 0.021619227348
0.229684666796 0.039461613592 0.021627648074
0.230915107865 0.039456831341 0.02163612555
0.232116191051 0.039453845846 0.02164134794
0.233097277583 0.039450792657 0.021645487931
0.234397591693 0.039449072717 0.021650675083
0.235214823719 0.039446013661 0.021653181213
0.23596531176 0.039446591222 0.02165531022
0.237236649864 0.039443650468 0.021658757882
0.238148376732 0.039443631251 0.021659946036
0.239519153586 0.039441773583 0.021661527756
0.240614986128 0.039441917488 0.021662572559
0.241842761337 0.039441259506 0.021663811348
0.243299830549 0.039440857555 0.02166537247
0.244166799038 0.039438264928 0.021666414718
0.245907119336 0.039438537309 0.021670058672
0.246904399075 0.039435023034 0.0216722004
0.248602326024 0.039435486131 0.02167552158
0.249641871708 0.039432009983 0.021677610027
0.251296123016 0.039432658643 0.021680617716
0.252405254395 0.039428478057 0.02168116103
0.254386835839 0.039431511099 0.021681560787
0.255492735293 0.03943126546 0.021680669607
0.257024200135 0.039432253443 0.021678619471
0.258491925364 0.039434098868 0.021676148503
0.259667566606 0.039435451646 0.021673966369
0.261490607819 0.03943584875 0.021669982379
0.26349603991 0.039438084484 0.021670570288
0.26461810345 0.039436821678 0.021672354181
0.265880540853 0.039435050031 0.021674596421
0.267879059028 0.039431785405 0.021678677056
0.269455863498 0.039429911406 0.021682333967
0.271140787066 0.039427147395 0.021686697013
0.27292109084 0.039428209389 0.021685115245
0.27440639808 0.039427955365 0.021685267593
0.276274255587 0.039427287141 0.021687967899
0.277529266357 0.039427171168 0.021688811029
0.279407663103 0.03942846711 0.021688524978
0.280649479022 0.039428257758 0.021687477202
0.281836787706 0.039427939776 0.021688065226
0.283941674012 0.039427344051 0.021689166042
0.285229143421 0.039426281251 0.021689713081
0.287217267767 0.039424016872 0.021691458357
0.288824089305 0.039423000984 0.021693739745
0.290493767679 0.039420833268 0.021696935885
0.292257670627 0.039422606337 0.021693732632
0.293782124011 0.039423720201 0.021691720308
0.295569029201 0.039423700901 0.021691574443
0.297237359972 0.039423468332 0.021692366325
0.298914791423 0.039422649833 0.021693454005
0.300735508642 0.039422423935 0.021694627719
0.302237052054 0.039423487187 0.021692682871
0.304023980525 0.039424845649 0.021690198038
0.305529648728 0.039424516486 0.021690800127
0.307316804679 0.039423626029 0.021692428908
0.308819047654 0.039422870384 0.021693811097
0.310609982974 0.039422110115 0.021695201743
0.312110675066 0.039423088749 0.021693411674
0.313898662053 0.039424358478 0.021691089147
0.315403193037 0.0394240522 0.021691649376
0.317191367376 0.039423238278 0.021693138163
0.318692774309 0.039422558659 0.021694381289
0.32048433801 0.039421896105 0.021695593201
0.321984556053 0.039422906146 0.021693745682
0.323772948326 0.039424201998 0.021691375373
0.32527709315 0.039423885599 0.021691954114
0.327065687332 0.039423053617 0.021693475936
0.32856664708 0.039422369182 0.021694727871
0.330358664638 0.039421705862 0.021695941184
0.3318584406 0.039422726521 0.021694074244
0.33364724879 0.039424033645 0.021691683316
0.335151055446 0.039423771024 0.02169216369
0.336939836313 0.039423012002 0.021693552056
0.33844075323 0.039422374962 0.021694717299
0.340232702559 0.039421757165 0.021695847342
0.341732633617 0.039422804979 0.021693930733
0.343521214895 0.039424145034 0.021691479568
0.3450253022 0.039423894441 0.021691937942
0.346813775438 0.039423145964 0.021693307018
0.348315026931 0.039422520923 0.021694450313
0.350106606601 0.03942192048 0.021695548615
0.351606933425 0.039422972783 0.021693623793
0.353395112289 0.03942431391 0.02169117067
0.354899627511 0.039424083581 0.021691591975
0.356687624858 0.039423354978 0.021692924701
0.358189381955 0.039422734925 0.021694058872
0.359980459861 0.03942212628 0.021695172176
0.361481254281 0.039423158197 0.021693284643
0.363269017347 0.039424476374 0.021690873498
0.364774019583 0.039424328579 0.021691143837
0.366561249425 0.039423752114 0.021692198278
0.368064112942 0.039423263475 0.021693092073
0.369853721015 0.039422827468 0.021693889597
0.371356599178 0.039424200377 0.021691378339
0.373140843804 0.039426377903 0.021687395314
0.374651073865 0.039426800918 0.021686621555
0.376431766317 0.039426749293 0.021686715985
0.377942561493 0.039426902332 0.021686436053
0.379722481481 0.039427294162 0.021685719337
0.381231791786 0.039425115143 0.021689705092
0.38301910977 0.039422891806 0.021693771912
0.384520834594 0.039423171095 0.021693261051
0.386308770159 0.039424319155 0.021691161076
0.387814911488 0.039425438822 0.021689113034
0.389597227339 0.03942675317 0.021686708894
0.391106261636 0.039425425213 0.021689137928
0.392892230265 0.039423710676 0.021692274076
0.394396013135 0.039424074092 0.021691609332
0.396181746363 0.039425258745 0.021689442422
0.397690192956 0.039426427934 0.021687303799
0.399470069345 0.039427805038 0.021684784868
0.400981633421 0.039426489888 0.021687190475
0.402765032355 0.039424795939 0.021690288964
0.404271440839 0.039425185552 0.021689576303
0.406054470247 0.03942640944 0.021687337626
0.40756571439 0.039427617813 0.02168512733
0.40934269308 0.039429039522 0.021682526808
0.410857257812 0.039427765907 0.021684856443
0.412637537464 0.039426129673 0.021687849363
0.414147185434 0.03942656214 0.021687058316
0.415926860414 0.03942783934 0.021684722124
0.417441584592 0.03942909949 0.021682417119
0.419214953033 0.039430578366 0.021679712031
0.420733257825 0.039429356191 0.021681947574
0.422509650813 0.039427791173 0.021684810228
0.424023341718 0.039428283167 0.021683910296
0.425798813109 0.039429635251 0.02168143713
0.427317916337 0.039430967317 0.021679000579
0.429086725683 0.039432524912 0.021676151503
0.430609762981 0.039431369103 0.021678265653
0.432381237675 0.039429893159 0.021680965378
0.43390003638 0.039430454629 0.021679938363
0.435670209935 0.039431896232 0.021677301455
0.437194826479 0.039433319061 0.021674698884
0.438957891622 0.039434979064 0.021671662487
0.440486910349 0.039433919322 0.021673600916
0.442252138315 0.039432569274 0.021676070359
0.443777452997 0.039433230117 0.021674861577
0.44554084573 0.039434793929 0.021672001127
0.44707253713 0.039436340552 0.021669172119
0.448828215507 0.039438137722 0.021665884825
0.450364960514 0.039437224868 0.021667554572
0.452122088769 0.039436040364 0.021669721209
0.453655969996 0.039436926241 0.021668100806
0.455410123588 0.039438827747 0.021664622663
0.45695188156 0.039440728947 0.021661145081
0.458696582154 0.039442933905 0.021657111878
0.460244727927 0.039441967152 0.021658880216
0.461990861793 0.039440496551 0.021661570168
0.463534549254 0.039440674453 0.021661244758
0.465280820407 0.039441674389 0.021659415724
0.466828231708 0.039442612171 0.021657700379
0.468569740748 0.0394437209 0.021655672346
0.470124905115 0.039447052275 0.021649578757
0.471852674733 0.039450775904 0.021642767675
0.473439744422 0.039452248358 0.021639997574
0.475079564303 0.03945326004 0.021637745067
0.476786318452 0.039455287243 0.02163462554
0.478294899278 0.039457298306 0.021630870873
0.480102874046 0.039456839457 0.021631701309
0.481586814405 0.039456814451 0.021631746566
0.483225508656 0.039457163804 0.021630672238
0.484706535948 0.039458859397 0.021628703056
0.486011902854 0.039460211764 0.021626187363
0.487777207934 0.039464142917 0.021621867664
0.488849056553 0.039466987873 0.021617410304
0.489823503123 0.039469493586 0.021613755905
0.491939098957 0.039471520199 0.021608449219
0.493221506723 0.039473018067 0.021605259238
0.49537264948 0.039476418941 0.021598018465
0.49676676155 0.039479579328 0.021592028844
0.498591427275 0.039482328239 0.021585282816
0.499818726381 0.039483487182 0.021583344124
0.501160874297 0.03948772741 0.021580084465
0.502752332036 0.039489024254 0.021577244461
0.50373302979 0.039487027683 0.021576235243
0.504869519219 0.039490805689 0.021573474976
0.506590978341 0.03949462712 0.021565330722
0.508444074948 0.03950043339 0.021556235645
0.509408498671 0.039501057637 0.021548886439
0.510302326791 0.039509220293 0.02154061423
0.511961935218 0.03951865732 0.021523655274
0.513624248082 0.039527641328 0.021506616124
0.514572100685 0.039529107031 0.021497643095
0.515594901528 0.039537148759 0.021488674659
0.517228744985 0.0395432914 0.021475902331
0.518885282512 0.039555622671 0.021454666607
0.519980484346 0.039563273967 0.021434972557
0.521107547679 0.039580233583 0.021409099068
0.522818899811 0.039606099442 0.021358188893
0.524317447019 0.039636953403 0.021302924331
0.52475 0.039114498494 0.02095051553
0.52475 0.038150751356 0.020317358671
0.52475 0.037561023112 0.019916354811
0.52475 0.036640753372 0.019276151924
0.52475 0.035994080877 0.018827984112
0.52475 0.035259914055 0.01830881117
0.52475 0.034550471623 0.017795312105
0.52475 0.034015539338 0.01737346617
0.52475 0.033369817456 0.016840435421
0.52475 0.032794367411 0.016332204495
0.52475 0.032233675456 0.015860174666
0.52475 0.031765951509 0.015457181554
0.523915243322 0.031584275401 0.01507472286
0.522959047311 0.031668086878 0.014902569192
0.521410973288 0.031779317466 0.01465886339
0.520423120248 0.031842620979 0.014525859591
0.518906703254 0.031919520129 0.014353411227
0.517662002115 0.031969508422 0.014243484826
0.516354525971 0.032009686806 0.014151230964
0.514883271711 0.032048812632 0.014064257883
0.513800232588 0.032072003711 0.01400451377
0.51269307864 0.032099822114 0.013948055448
0.511235150407 0.032127889329 0.013879481052
0.509850627448 0.032154171732 0.013821252177
0.508812580841 0.03216829938 0.013781260349
0.507853784466 0.032186464373 0.013747416265
0.506675970946 0.032200006417 0.013707043723
0.505787317548 0.032215835553 0.013678634425
0.504539145734 0.032228590757 0.013640039019
0.502885896814 0.032252307904 0.013593443857
0.502666678869 0.0322548739 0.013587355906
0.501137305696 0.032269914114 0.013546544436
0.499983072219 0.032281194791 0.01351953031
0.498755966015 0.032291826183 0.013493350933
0.497244692177 0.032304858029 0.013466132643
0.49636742703 0.032310994053 0.01345235145
0.495189398972 0.03231855225 0.013432156744
0.493345558326 0.032329562381 0.013402708029
0.491831291723 0.032338790015 0.013380994496
0.49035122635 0.032346868938 0.013361135632
0.488502361 0.032357248533 0.013339014823
0.487353088486 0.032363201461 0.013326441132
0.48518419719 0.032371173603 0.013307677295
0.484079193272 0.032375352373 0.013297835428
0.482920531598 0.032378686595 0.013288022169
0.480829246629 0.032384753675 0.013270328974
0.479444982165 0.032389200256 0.013258814284
0.477579280727 0.032394907896 0.013243159005
0.476048294695 0.03239842553 0.01323448718
0.474299090523 0.03240250993 0.013224418139
0.472632802641 0.032405313971 0.013217327884
0.470967462601 0.032407251155 0.013211853846
0.46899935037 0.03241043927 0.013206895162
0.467625547703 0.032412015012 0.013204273349
0.465574955993 0.032415079988 0.013196961245
0.464341386589 0.032416868995 0.013192693218
0.4622758841 0.032420270926 0.013184577241
0.461058094157 0.032422308181 0.013179716969
0.458977280338 0.032425146499 0.013172945602
0.457772868452 0.032426444982 0.013169847815
0.455682054608 0.032427746398 0.013166743031
0.45448454797 0.03242849693 0.013164952489
0.452387173536 0.032430114112 0.013161094383
0.451197060645 0.03243111015 0.013158718139
0.449092019552 0.032432665678 0.01315500712
0.447909131534 0.032433425752 0.013153193814
0.44579865475 0.032434011929 0.013151795373
0.444619151362 0.03243435962 0.013150965889
0.442505299789 0.032435351551 0.013148599442
0.441330250693 0.032436020714 0.013147003023
0.439211367939 0.032437079804 0.013144476354
0.438041199661 0.032437580513 0.013143281814
0.435919024745 0.03243773783 0.013142906505
0.434750246507 0.032437858913 0.013142617636
0.432626565757 0.032438473862 0.013141150553
0.431460491663 0.032438944577 0.01314002757
0.429333390122 0.032439692677 0.013138242831
0.428170746597 0.032440036828 0.013137421791
0.426041638533 0.032439952158 0.013137623789
0.42487923325 0.032439937844 0.013137657938
0.422749721263 0.032440323252 0.01313673847
0.421588971705 0.032440682159 0.013135882228
0.419456977021 0.032441251452 0.013134524068
0.418298829025 0.03244150655 0.013133915481
0.416165609786 0.032441252005 0.013134522747
0.415006943588 0.0324411569 0.013134749638
0.41287400747 0.032441410925 0.013134143613
0.411716388035 0.032441703152 0.013133446448
0.409581523443 0.032442163825 0.013132347421
0.408426004259 0.032442365124 0.013131867184
0.406290367233 0.032442022217 0.013132685254
0.405133917828 0.032441880071 0.013133024373
0.402998955246 0.032442052919 0.013132612009
0.401843183444 0.03244230585 0.013132008594
0.399706624782 0.032442702369 0.013131062619
0.398552657809 0.032442872256 0.013130657321
0.396415598356 0.03244247333 0.013131609037
0.395260445307 0.032442302273 0.013132017127
0.393124312207 0.032442419258 0.013131738035
0.391969590607 0.032442646998 0.013131194717
0.38983206066 0.032443015544 0.013130315478
0.388679015904 0.032443180349 0.013129922305
0.386541266211 0.032442630229 0.013131234722
0.385386444998 0.03244236892 0.013131858126
0.383250133083 0.032442473072 0.013131609652
0.382095802268 0.032442856443 0.013130695044
0.379956926039 0.032443713047 0.013128651448
0.378806513287 0.032444255944 0.013127356259
0.376664928499 0.032444138216 0.013127637122
0.375514987854 0.032444148818 0.01312761183
0.373474302202 0.03244305105 0.013128244299
0.372273551465 0.032442212501 0.013129054671
0.3704849116 0.032440695837 0.013129961389
0.369055895002 0.032440607761 0.013130505216
0.367337097415 0.032440819571 0.013129984546
0.365765213248 0.032441078923 0.013129347006
0.364047085238 0.032441141298 0.013129188033
0.362474903893 0.032441053817 0.013129415314
0.36076200259 0.032440887315 0.013129796352
0.359184405667 0.032440714767 0.013130233519
0.35747349617 0.032440858623 0.0131298797
0.355893531262 0.03244105351 0.013129400367
0.354182385903 0.032441118704 0.013129238118
0.352602584386 0.032441055652 0.013129398058
0.350893597813 0.032440908898 0.013129748611
0.349311263895 0.03244073152 0.013130189917
0.347603382449 0.032440859422 0.013129875272
0.346020359112 0.032441049405 0.013129407905
0.344311006791 0.032441114683 0.013129248698
0.342728698598 0.032441045805 0.013129414425
0.341018405003 0.032440901289 0.013129777793
0.339436492457 0.032440714355 0.013130233901
0.33772635847 0.032440844184 0.013129914567
0.336145588941 0.032441033076 0.013129449955
0.334434694233 0.03244109529 0.013129296609
0.332854371432 0.03244102481 0.013129470795
0.331144220627 0.032440871766 0.013129845457
0.329562704772 0.03244068131 0.013130314764
0.327853208503 0.032440805676 0.013130008855
0.326271785716 0.032440989364 0.01312955703
0.324562399954 0.032441046624 0.01312941393
0.322981179316 0.032440977392 0.013129590208
0.32127443996 0.032440822213 0.013129959408
0.319690281494 0.032440638233 0.01313041817
0.317984650103 0.032440752533 0.013130136951
0.316399334101 0.032440926903 0.013129707938
0.314691928226 0.032440974959 0.013129592753
0.313107962685 0.032440889991 0.013129793212
0.311398153194 0.032440737645 0.013130185906
0.309816139979 0.032440540109 0.013130663342
0.308105570408 0.032440651787 0.013130388671
0.306525185293 0.03244082385 0.013129965483
0.304798544101 0.032440864571 0.013129909951
0.303226111655 0.032440722841 0.013130171707
0.301461797721 0.032440643205 0.013130630343
0.299924883239 0.032440423379 0.01313111489
0.298149502392 0.032440510344 0.013130901946
0.29663384751 0.032440650671 0.013130558339
0.294870175568 0.032440592833 0.013130646321
0.293351459432 0.032440282388 0.013131448135
0.291617117198 0.032439617546 0.013132899346
0.290070108961 0.032438887204 0.01313475131
0.288345390149 0.03243841245 0.013135917342
0.286777507601 0.032438033663 0.013136847673
0.284946205503 0.032439018302 0.013134916322
0.283427421969 0.032439681747 0.013133499652
0.281332895989 0.03244069703 0.013134217646
0.280059732685 0.032440584085 0.013136099123
0.277929074162 0.032441186078 0.01313465569
0.276770338342 0.032441669216 0.013133499719
0.27467619085 0.032440215855 0.013134028902
0.273283797203 0.032439416054 0.013134909604
0.271499564925 0.032438621964 0.013134083047
0.269712631403 0.032441144958 0.013130614805
0.268334474126 0.032441480827 0.013130434667
0.266254927018 0.032443188219 0.013130959755
0.265207104216 0.032441192416 0.013131737213
0.263747823928 0.032440423173 0.013132700389
0.262111924711 0.032439511941 0.013133362314
0.260327095884 0.032442093434 0.013133841302
0.259015695972 0.032439874226 0.013133733863
0.257629602414 0.032439829628 0.013134223966
0.256107579398 0.03243932673 0.013134748583
0.254859082078 0.032441435442 0.013135300513
0.253382363833 0.032438662286 0.013136062957
0.251741934281 0.032439751745 0.013137509312
0.250647058345 0.032439213887 0.013139263723
0.24929344582 0.032436973993 0.013143097341
0.247938937727 0.032436571797 0.013145209772
0.246934837267 0.032436188067 0.013146863397
0.245392939821 0.032433637214 0.013149760678
0.244307820244 0.032434652401 0.013152221501
0.242847419336 0.032430970315 0.013155742897
0.241167241356 0.03243131776 0.013160536648
0.240414873114 0.032429340417 0.013161679597
0.239254845514 0.032428843276 0.013163497319
0.238205793643 0.032429010301 0.013165126931
0.236882071184 0.032427509871 0.013167749557
0.235958388772 0.032426512121 0.013170077251
0.23475277088 0.032424701555 0.013173823873
0.233874988063 0.032424829711 0.013176266332
0.233004033029 0.032423519513 0.013178799298
0.232118745771 0.032422644421 0.013181822814
0.231167418197 0.032420760568 0.013185679064
0.230450546299 0.032419632924 0.013189589288
0.22974271859 0.032417487901 0.013193722865
0.228956445139 0.032415842826 0.01319796431
0.228287553312 0.032413552507 0.01320378508
0.22760548182 0.032410087777 0.013212290411
0.2266193417 0.032402452227 0.013231492376
0.226046879528 0.032395672041 0.013245089972
0.225519069558 0.032391049774 0.013259557741
0.225 0.032383338989 0.01327515423
