0.506602151688 0.0 0.035
0.506002035782 0.001585336081 0.034963374895
0.505251765268 0.002532822129 0.034908162127
0.503918119711 0.003619076334 0.034810885679
0.50266932604 0.004372452896 0.034725782868
0.501408307954 0.004957937123 0.034644419765
0.500451915107 0.005354431831 0.034586989962
0.498715194532 0.005940702282 0.034489979883
0.497755272549 0.006228688903 0.034441002758
0.495807469974 0.006700340667 0.034349782555
0.494176420273 0.007036229596 0.034282124522
0.492796524491 0.007289289956 0.034230557883
0.490792424022 0.007596059966 0.034165521196
0.489731162692 0.007751566307 0.034128777538
0.488354975371 0.00792367359 0.034088050671
0.486656693758 0.008121448764 0.034041249844
0.484832904197 0.008317102062 0.03399495113
0.483553958891 0.00844312839 0.0339651287
0.482507628995 0.008539182491 0.033942286199
0.480403093672 0.008691744938 0.033901924823
0.479009378464 0.008788723443 0.033876335915
0.477221007357 0.008899943508 0.033846941485
0.475548845126 0.008992940083 0.033822363354
0.474021566857 0.009071192293 0.033801682022
0.472121945841 0.009156554027 0.033779121709
0.470804616776 0.00920982248 0.033765043352
0.468711243881 0.009304817654 0.033739901934
0.467585086202 0.009343851768 0.033729525603
0.466456912122 0.009377446185 0.033719790663
0.464342853865 0.009434633094 0.033703219125
0.463093286447 0.009464412309 0.033694589748
0.461090814682 0.009507295052 0.033682163251
0.459727247737 0.009554460632 0.033668495763
0.457844128385 0.009589710332 0.033658281083
0.456386867208 0.009613460873 0.033651398636
0.4545803585 0.009640691657 0.033643507682
0.453056862556 0.009659971257 0.033637920827
0.451310297744 0.009680051344 0.033632102007
0.449717201948 0.009720238308 0.033620452517
0.448050297544 0.009737218571 0.033615531414
0.446400237208 0.009751107584 0.033611506196
0.444773402801 0.009763935587 0.033607788472
0.443089650349 0.009774285709 0.033604788871
0.44149251303 0.009783277143 0.033602183035
0.439774320956 0.009817131047 0.033592328203
0.438226463951 0.009825061378 0.033590028318
0.43647098235 0.009831727185 0.033588095158
0.434941727456 0.009837253412 0.03358649249
0.433171724091 0.009841348687 0.033585304814
0.431654349919 0.009844588724 0.033584365167
0.429840873753 0.009874763136 0.033575669158
0.428378287606 0.009877867684 0.033574769419
0.426545302601 0.009879833717 0.033574199637
0.425088819585 0.009881372402 0.033573753705
0.423252623637 0.009881416549 0.033573740911
0.421797487482 0.009881435744 0.033573735348
0.419936665884 0.009908649708 0.033565858415
0.418520642291 0.009909100294 0.033565727843
0.416645773315 0.009908079294 0.03356602371
0.41522837504 0.009907436155 0.03356621008
0.413356973398 0.009904989748 0.033566919003
0.41193475358 0.009903270356 0.033567417251
0.410045955344 0.009928682001 0.033560053276
0.408656596493 0.00992765961 0.033560349546
0.40675779951 0.009924817011 0.033561173279
0.405362669686 0.009922929778 0.033561720165
0.403471316285 0.009918938485 0.033562876769
0.402067656255 0.009916192617 0.033563672472
0.400164027946 0.00994049884 0.033556618281
0.398788889235 0.009938620523 0.033557162641
0.396877491065 0.009934674992 0.033558306106
0.395493973038 0.009932067017 0.03355906193
0.393592361214 0.009927154433 0.033560485659
0.392198138475 0.009923818049 0.033561452586
0.390272995206 0.009947827818 0.033554553647
0.388915972702 0.009945425842 0.033555249368
0.386987546394 0.009940757385 0.033556601566
0.385620441192 0.009937710584 0.033557484057
0.383703354821 0.009932184786 0.03355908458
0.382324098078 0.009928491947 0.033560154194
0.38042864545 0.009951022713 0.033553450343
0.37905093032 0.009948355901 0.033554224113
0.377143459781 0.009943430198 0.033555653297
0.375755102867 0.009940174197 0.033556598019
0.373859365653 0.009934496819 0.0335582453
0.372458543353 0.009930649868 0.033559361486
0.370538867489 0.009953959932 0.033552671236
0.36917521676 0.009951011836 0.03355352601
0.367254313567 0.009945686525 0.033555070036
0.365879074029 0.009942216313 0.033556076193
0.363970736525 0.009936226749 0.033557812812
0.36258228566 0.009932231856 0.033558971096
0.360745418266 0.009953045881 0.033552503484
0.35931898244 0.009950018722 0.03355338506
0.357460304768 0.00994489434 0.033554877393
0.356022830531 0.009941416679 0.033555890165
0.354175935834 0.009935772157 0.033557533974
0.352726137773 0.009931842446 0.033558678393
0.350869415806 0.009954180077 0.033552178693
0.349445131999 0.009950892639 0.033553136011
0.347584738374 0.009945468331 0.033554715597
0.346148706319 0.009941795682 0.033555785091
0.344300687285 0.009935940835 0.033557490052
0.342851825901 0.009931881071 0.033558672275
0.340995196992 0.009954170846 0.033552182075
0.339570964159 0.009950817065 0.033553158705
0.337710639998 0.009945303272 0.033554764337
0.33627444915 0.00994155917 0.033555854631
0.334426716492 0.009935610739 0.033557586831
0.33297747419 0.009931474215 0.033558791398
0.331121756376 0.009953641978 0.033552334845
0.329696598158 0.009950205048 0.033553335702
0.327837345646 0.009944581831 0.033554973221
0.326399969819 0.009940744269 0.033556090744
0.324553583384 0.00993467702 0.033557857568
0.323102870374 0.009930436456 0.033559092448
0.32125028758 0.009952405309 0.03355268669
0.319822224684 0.009948849672 0.033553722207
0.317966073061 0.009943075168 0.033555403931
0.31652543117 0.00993909797 0.03355656222
0.314682537425 0.009932859377 0.033558379101
0.313228143205 0.009928457809 0.033559660981
0.311380843372 0.009950129394 0.033553338474
0.30994805449 0.009946391558 0.033554427183
0.308096934276 0.009940374595 0.033556179728
0.306650981755 0.009936155237 0.033557408689
0.304813797419 0.009929609643 0.033559315207
0.303353343763 0.009924904926 0.033560685538
0.30147608733 0.009947212215 0.033554427612
0.300074021896 0.009943119962 0.033555616523
0.298193321862 0.009936293385 0.033557599831
0.296776136615 0.009931451716 0.033559006468
0.29491183724 0.00992374853 0.033561244455
0.293477337575 0.009918147917 0.033562871586
0.291683148375 0.009936227022 0.033557425103
0.290236944496 0.009931566882 0.033558781878
0.288399687121 0.009925483933 0.033560552897
0.286940144203 0.009922358295 0.03356146291
0.285113641292 0.009918253274 0.033562658066
0.283645411637 0.009916653807 0.033563123742
0.281843730284 0.009919288844 0.033562889439
0.280460432229 0.009920844215 0.033562439546
0.278548424106 0.009925207392 0.033561178368
0.277175374451 0.009929199357 0.033560023324
0.27524886186 0.009937042697 0.033557755023
0.273894221856 0.009943430624 0.033555906667
0.27208895775 0.009929801642 0.03355867429
0.270557184196 0.009920791322 0.033561269477
0.268811020524 0.009911703995 0.033564084335
0.267308094156 0.009903285134 0.03356651052
0.265532504287 0.009894531825 0.033569231754
0.264059560451 0.00988670494 0.033571490971
0.262092069275 0.009896691076 0.033570659353
0.261066194281 0.009892094089 0.033572565318
0.259989094689 0.009882526581 0.033574442069
0.258260827663 0.009867356463 0.033577287828
0.256834317487 0.009861534313 0.03357944225
0.255460414102 0.009854085941 0.033581398335
0.254782325007 0.009854382115 0.033583617564
0.253565906101 0.009835875876 0.033587078114
0.252840836535 0.00983584843 0.033588846854
0.251225387309 0.009823627659 0.033592033474
0.250089798069 0.009814866201 0.03359456856
0.24859907897 0.009801055796 0.03359832064
0.247867244588 0.00979291151 0.033600993816
0.247326053849 0.009789560641 0.033603032861
0.246267798849 0.009769867412 0.033606992967
0.245647925601 0.009768859375 0.033608717326
0.244627709184 0.009757648452 0.033611410879
0.243833816349 0.009751308541 0.033613437172
0.242987616607 0.009744686804 0.033615556549
0.24189596328 0.009725868646 0.033620826278
0.240962580129 0.009709217356 0.033625703619
0.239968232344 0.009696288763 0.033629872567
0.239379342014 0.009681715154 0.03363253103
0.23883788185 0.009678019482 0.033635311436
0.237827233966 0.009652373372 0.033642135776
0.237031910878 0.009634161671 0.033647497456
0.236288326084 0.009615559941 0.033652467454
0.235799062113 0.009607473093 0.033655390781
0.23489751268 0.009583326505 0.033661198121
0.23407325799 0.009562849586 0.033667622708
0.233362634925 0.009540235211 0.033673986614
0.232506522076 0.009510487202 0.03368243557
0.231782640084 0.009482652843 0.033690223083
0.231364348378 0.009468118014 0.033695016198
0.230530962026 0.009428093887 0.033705713311
0.230010188668 0.009402545247 0.033713199689
0.229282285169 0.009361428826 0.033724618451
0.228875156846 0.009336956198 0.033731495984
0.228196966401 0.009290081106 0.033744068961
0.227803878577 0.009278690917 0.033747631821
0.227204251623 0.009218337002 0.03376406051
0.226576504794 0.009098483185 0.033796663302
0.226146563252 0.008980415276 0.033827921633
0.225608546933 0.0087924332 0.033877441917
0.225 0.008527490497 0.033944594087
0.225 0.008108621682 0.03416848522
0.225 0.007674829681 0.034379673722
0.225 0.007388723268 0.034513733493
0.225 0.006965208532 0.034701992074
0.225 0.00665593247 0.034832736478
0.225 0.006319323442 0.034968748815
0.225 0.005962182488 0.035099355077
0.225 0.005633650518 0.03520881371
0.225 0.005358764779 0.035295910958
0.225 0.005062106573 0.035384473857
0.225 0.004786743091 0.035463452363
0.225 0.004540399366 0.035531500989
0.225 0.004272912446 0.035600596605
0.225 0.004111124905 0.035638367768
0.225 0.00386493313 0.035693797455
0.225 0.003706665805 0.035727357373
0.225 0.003450736396 0.035778928717
0.225 0.003265215958 0.03581396182
0.225 0.003073648699 0.035846831518
0.225 0.002925031743 0.035871891125
0.225 0.002757309065 0.035898264197
0.225 0.002560607611 0.035926926912
0.225 0.002432755794 0.035944515995
0.225 0.002315054216 0.035959670485
0.225 0.00210888979 0.035984380958
0.225 0.001983776538 0.035998083333
0.225 0.001789688161 0.036017754085
0.225 0.001658978057 0.036029784384
0.225 0.001505222466 0.036042731208
0.225 0.001371985897 0.036052826881
0.225 0.001282735905 0.036059197066
0.225 0.001192744635 0.036065055521
0.225 0.001134482885 0.036068684426
0.225 0.001035393663 0.036074276213
0.225 0.00087522205 0.036082258785
0.225 0.000782858057 0.036086231381
0.225 0.00069476115 0.036089604123
0.225 0.000602826849 0.036092738505
0.225 0.000550553339 0.03609426292
0.225 0.000461571083 0.03609659434
0.225 0.00038205006 0.036098298367
0.225 0.000319042921 0.0360994676
0.225 0.000200722661 0.036101031319
0.225 0.000129193077 0.036101679217
0.225 6.4596538e-05 0.036101992589
0.225 0.0 0.036102083758
0.225 -6.4596538e-05 0.036101992589
0.225 -0.000129193077 0.036101679217
0.225 -0.000200722661 0.036101031319
0.225 -0.000319042921 0.0360994676
0.225 -0.00038205006 0.036098298367
0.225 -0.000461571083 0.03609659434
0.225 -0.000550553339 0.03609426292
0.225 -0.000602826849 0.036092738505
0.225 -0.00069476115 0.036089604123
0.225 -0.000782858057 0.036086231381
0.225 -0.00087522205 0.036082258785
0.225 -0.001035393663 0.036074276213
0.225 -0.001134482885 0.036068684426
0.225 -0.001192744635 0.036065055521
0.225 -0.001282735905 0.036059197066
0.225 -0.001371985897 0.036052826881
0.225 -0.001505222466 0.036042731208
0.225 -0.001658978057 0.036029784384
0.225 -0.001789688161 0.036017754085
0.225 -0.001983776538 0.035998083333
0.225 -0.00210888979 0.035984380958
0.225 -0.002315054216 0.035959670485
0.225 -0.002432755794 0.035944515995
0.225 -0.002560607611 0.035926926912
0.225 -0.002757309065 0.035898264197
0.225 -0.002925031743 0.035871891125
0.225 -0.003073648699 0.035846831518
0.225 -0.003265215958 0.03581396182
0.225 -0.003450736396 0.035778928717
0.225 -0.003706665805 0.035727357373
0.225 -0.00386493313 0.035693797455
0.225 -0.004111124905 0.035638367768
0.225 -0.004272912446 0.035600596605
0.225 -0.004540399366 0.035531500989
0.225 -0.004786743091 0.035463452363
0.225 -0.005062106573 0.035384473857
0.225 -0.005358764779 0.035295910958
0.225 -0.005633650518 0.03520881371
0.225 -0.005962182488 0.035099355077
0.225 -0.006319323442 0.034968748815
0.225 -0.00665593247 0.034832736478
0.225 -0.006965208532 0.034701992074
0.225 -0.007388723268 0.034513733493
0.225 -0.007674829681 0.034379673722
0.225 -0.008108621682 0.03416848522
0.225 -0.008527490497 0.033944594087
0.225608546933 -0.0087924332 0.033877441917
0.226146563252 -0.008980415276 0.033827921633
0.226576504794 -0.009098483185 0.033796663302
0.227204251623 -0.009218337002 0.03376406051
0.227803878577 -0.009278690917 0.033747631821
0.228196966401 -0.009290081106 0.033744068961
0.228875156846 -0.009336956198 0.033731495984
0.229282285169 -0.009361428826 0.033724618451
0.230010188668 -0.009402545247 0.033713199689
0.230530962026 -0.009428093887 0.033705713311
0.231364348378 -0.009468118014 0.033695016198
0.231782640084 -0.009482652843 0.033690223083
0.232506522076 -0.009510487202 0.03368243557
0.233362634925 -0.009540235211 0.033673986614
0.23407325799 -0.009562849586 0.033667622708
0.23489751268 -0.009583326505 0.033661198121
0.235799062113 -0.009607473093 0.033655390781
0.236288326084 -0.009615559941 0.033652467454
0.237031910878 -0.009634161671 0.033647497456
0.237827233966 -0.009652373372 0.033642135776
0.23883788185 -0.009678019482 0.033635311436
0.239379342014 -0.009681715154 0.03363253103
0.239968232344 -0.009696288763 0.033629872567
0.240962580129 -0.009709217356 0.033625703619
0.24189596328 -0.009725868646 0.033620826278
0.242987616607 -0.009744686804 0.033615556549
0.243833816349 -0.009751308541 0.033613437172
0.244627709184 -0.009757648452 0.033611410879
0.245647925601 -0.009768859375 0.033608717326
0.246267798849 -0.009769867412 0.033606992967
0.247326053849 -0.009789560641 0.033603032861
0.247867244588 -0.00979291151 0.033600993816
0.24859907897 -0.009801055796 0.03359832064
0.250089798069 -0.009814866201 0.03359456856
0.251225387309 -0.009823627659 0.033592033474
0.252840836535 -0.00983584843 0.033588846854
0.253565906101 -0.009835875876 0.033587078114
0.254782325007 -0.009854382115 0.033583617564
0.255460414102 -0.009854085941 0.033581398335
0.256834317487 -0.009861534313 0.03357944225
0.258260827663 -0.009867356463 0.033577287828
0.259989094689 -0.009882526581 0.033574442069
0.261066194281 -0.009892094089 0.033572565318
0.262092069275 -0.009896691076 0.033570659353
0.264059560451 -0.00988670494 0.033571490971
0.265532504287 -0.009894531825 0.033569231754
0.267308094156 -0.009903285134 0.03356651052
0.268811020524 -0.009911703995 0.033564084335
0.270557184196 -0.009920791322 0.033561269477
0.27208895775 -0.009929801642 0.03355867429
0.273894221856 -0.009943430624 0.033555906667
0.27524886186 -0.009937042697 0.033557755023
0.277175374451 -0.009929199357 0.033560023324
0.278548424106 -0.009925207392 0.033561178368
0.280460432229 -0.009920844215 0.033562439546
0.281843730284 -0.009919288844 0.033562889439
0.283645411637 -0.009916653807 0.033563123742
0.285113641292 -0.009918253274 0.033562658066
0.286940144203 -0.009922358295 0.03356146291
0.288399687121 -0.009925483933 0.033560552897
0.290236944496 -0.009931566882 0.033558781878
0.291683148375 -0.009936227022 0.033557425103
0.293477337575 -0.009918147917 0.033562871586
0.29491183724 -0.00992374853 0.033561244455
0.296776136615 -0.009931451716 0.033559006468
0.298193321862 -0.009936293385 0.033557599831
0.300074021896 -0.009943119962 0.033555616523
0.30147608733 -0.009947212215 0.033554427612
0.303353343763 -0.009924904926 0.033560685538
0.304813797419 -0.009929609643 0.033559315207
0.306650981755 -0.009936155237 0.033557408689
0.308096934276 -0.009940374595 0.033556179728
0.30994805449 -0.009946391558 0.033554427183
0.311380843372 -0.009950129394 0.033553338474
0.313228143205 -0.009928457809 0.033559660981
0.314682537425 -0.009932859377 0.033558379101
0.31652543117 -0.00993909797 0.03355656222
0.317966073061 -0.009943075168 0.033555403931
0.319822224684 -0.009948849672 0.033553722207
0.32125028758 -0.009952405309 0.03355268669
0.323102870374 -0.009930436456 0.033559092448
0.324553583384 -0.00993467702 0.033557857568
0.326399969819 -0.009940744269 0.033556090744
0.327837345646 -0.009944581831 0.033554973221
0.329696598158 -0.009950205048 0.033553335702
0.331121756376 -0.009953641978 0.033552334845
0.33297747419 -0.009931474215 0.033558791398
0.334426716492 -0.009935610739 0.033557586831
0.33627444915 -0.00994155917 0.033555854631
0.337710639998 -0.009945303272 0.033554764337
0.339570964159 -0.009950817065 0.033553158705
0.340995196992 -0.009954170846 0.033552182075
0.342851825901 -0.009931881071 0.033558672275
0.344300687285 -0.009935940835 0.033557490052
0.346148706319 -0.009941795682 0.033555785091
0.347584738374 -0.009945468331 0.033554715597
0.349445131999 -0.009950892639 0.033553136011
0.350869415806 -0.009954180077 0.033552178693
0.352726137773 -0.009931842446 0.033558678393
0.354175935834 -0.009935772157 0.033557533974
0.356022830531 -0.009941416679 0.033555890165
0.357460304768 -0.00994489434 0.033554877393
0.35931898244 -0.009950018722 0.03355338506
0.360745418266 -0.009953045881 0.033552503484
0.36258228566 -0.009932231856 0.033558971096
0.363970736525 -0.009936226749 0.033557812812
0.365879074029 -0.009942216313 0.033556076193
0.367254313567 -0.009945686525 0.033555070036
0.36917521676 -0.009951011836 0.03355352601
0.370538867489 -0.009953959932 0.033552671236
0.372458543353 -0.009930649868 0.033559361486
0.373859365653 -0.009934496819 0.0335582453
0.375755102867 -0.009940174197 0.033556598019
0.377143459781 -0.009943430198 0.033555653297
0.37905093032 -0.009948355901 0.033554224113
0.38042864545 -0.009951022713 0.033553450343
0.382324098078 -0.009928491947 0.033560154194
0.383703354821 -0.009932184786 0.03355908458
0.385620441192 -0.009937710584 0.033557484057
0.386987546394 -0.009940757385 0.033556601566
0.388915972702 -0.009945425842 0.033555249368
0.390272995206 -0.009947827818 0.033554553647
0.392198138475 -0.009923818049 0.033561452586
0.393592361214 -0.009927154433 0.033560485659
0.395493973038 -0.009932067017 0.03355906193
0.396877491065 -0.009934674992 0.033558306106
0.398788889235 -0.009938620523 0.033557162641
0.400164027946 -0.00994049884 0.033556618281
0.402067656255 -0.009916192617 0.033563672472
0.403471316285 -0.009918938485 0.033562876769
0.405362669686 -0.009922929778 0.033561720165
0.40675779951 -0.009924817011 0.033561173279
0.408656596493 -0.00992765961 0.033560349546
0.410045955344 -0.009928682001 0.033560053276
0.41193475358 -0.009903270356 0.033567417251
0.413356973398 -0.009904989748 0.033566919003
0.41522837504 -0.009907436155 0.03356621008
0.416645773315 -0.009908079294 0.03356602371
0.418520642291 -0.009909100294 0.033565727843
0.419936665884 -0.009908649708 0.033565858415
0.421797487482 -0.009881435744 0.033573735348
0.423252623637 -0.009881416549 0.033573740911
0.425088819585 -0.009881372402 0.033573753705
0.426545302601 -0.009879833717 0.033574199637
0.428378287606 -0.009877867684 0.033574769419
0.429840873753 -0.009874763136 0.033575669158
0.431654349919 -0.009844588724 0.033584365167
0.433171724091 -0.009841348687 0.033585304814
0.434941727456 -0.009837253412 0.03358649249
0.43647098235 -0.009831727185 0.033588095158
0.438226463951 -0.009825061378 0.033590028318
0.439774320956 -0.009817131047 0.033592328203
0.44149251303 -0.009783277143 0.033602183035
0.443089650349 -0.009774285709 0.033604788871
0.444773402801 -0.009763935587 0.033607788472
0.446400237208 -0.009751107584 0.033611506196
0.448050297544 -0.009737218571 0.033615531414
0.449717201948 -0.009720238308 0.033620452517
0.451310297744 -0.009680051344 0.033632102007
0.453056862556 -0.009659971257 0.033637920827
0.4545803585 -0.009640691657 0.033643507682
0.456386867208 -0.009613460873 0.033651398636
0.457844128385 -0.009589710332 0.033658281083
0.459727247737 -0.009554460632 0.033668495763
0.461090814682 -0.009507295052 0.033682163251
0.463093286447 -0.009464412309 0.033694589748
0.464342853865 -0.009434633094 0.033703219125
0.466456912122 -0.009377446185 0.033719790663
0.467585086202 -0.009343851768 0.033729525603
0.468711243881 -0.009304817654 0.033739901934
0.470804616776 -0.00920982248 0.033765043352
0.472121945841 -0.009156554027 0.033779121709
0.474021566857 -0.009071192293 0.033801682022
0.475548845126 -0.008992940083 0.033822363354
0.477221007357 -0.008899943508 0.033846941485
0.479009378464 -0.008788723443 0.033876335915
0.480403093672 -0.008691744938 0.033901924823
0.482507628995 -0.008539182491 0.033942286199
0.483553958891 -0.00844312839 0.0339651287
0.484832904197 -0.008317102062 0.03399495113
0.486656693758 -0.008121448764 0.034041249844
0.488354975371 -0.00792367359 0.034088050671
0.489731162692 -0.007751566307 0.034128777538
0.490792424022 -0.007596059966 0.034165521196
0.492796524491 -0.007289289956 0.034230557883
0.494176420273 -0.007036229596 0.034282124522
0.495807469974 -0.006700340667 0.034349782555
0.497755272549 -0.006228688903 0.034441002758
0.498715194532 -0.005940702282 0.034489979883
0.500451915107 -0.005354431831 0.034586989962
0.501408307954 -0.004957937123 0.034644419765
0.50266932604 -0.004372452896 0.034725782868
0.503918119711 -0.003619076334 0.034810885679
0.505251765268 -0.002532822129 0.034908162127
0.506002035782 -0.001585336081 0.034963374895
0.506602151688 -0.0 0.035
