0.225 0.024430719883 0.025061867362
0.225 0.024416176021 0.026309982704
0.225 0.024346730844 0.02732452983
0.225 0.024245891413 0.028235545966
0.225 0.024142865967 0.028936692635
0.225 0.023930842038 0.030169460985
0.225 0.023696855519 0.031230977657
0.225 0.023483975561 0.032073365511
0.225 0.023205148907 0.033010222345
0.225 0.022920181682 0.033854179485
0.225 0.022678313069 0.034493211605
0.225 0.022303755859 0.035430661417
0.225 0.022074653674 0.035947709929
0.225 0.021600111048 0.036929965053
0.225 0.021246456525 0.037574178175
0.225 0.020775803875 0.038390582293
0.225 0.020327190616 0.039116658867
0.225 0.019875076214 0.039798892317
0.225 0.019243216208 0.040677689194
0.226087082954 0.01911528941 0.040737878583
0.226925290954 0.0190266678 0.040778590542
0.228131548615 0.018927815594 0.040825527233
0.228785932452 0.018887194789 0.040843164373
0.229557548301 0.018863614918 0.040855156214
0.23051027294 0.018850866109 0.040860150109
0.231731212281 0.018827129987 0.04087218262
0.232396209282 0.018811624186 0.040878065593
0.233366299865 0.018798837539 0.040884904377
0.234391218722 0.01878257316 0.040891138734
0.235218375537 0.018775124258 0.040895720802
0.236416380288 0.018762615377 0.040901769811
0.237533436675 0.018751446196 0.040906136769
0.238644639936 0.018743700728 0.04091045363
0.239735174115 0.018732698494 0.040914730734
0.24087278738 0.018724332903 0.040919165238
0.241936945899 0.018713910855 0.040923350758
0.243101332126 0.018705081021 0.040927783706
0.244252666655 0.018699985717 0.040929506039
0.245484270092 0.018698052057 0.04093123994
0.24667622062 0.018692064523 0.040933091908
0.247867398682 0.018689832734 0.040935004334
0.249100972123 0.018683158553 0.040937166261
0.250250022651 0.018679842124 0.040939246711
0.251869497198 0.018674817254 0.040941217624
0.253117259712 0.018670069981 0.040942702063
0.254946224657 0.018667933627 0.040944884698
0.255769318413 0.018662275736 0.040945654372
0.257144961658 0.018664359742 0.040946574974
0.25803914471 0.018658224083 0.040947192862
0.259371277957 0.018649833155 0.040952262037
0.260277318041 0.018644590079 0.040955479883
0.261382549684 0.018645223457 0.04095536748
0.263526451609 0.018643549861 0.040955318759
0.264839475305 0.018643014482 0.040955342921
0.266776292124 0.018641254823 0.040955590187
0.267978315441 0.018636764083 0.040957691206
0.269627393382 0.018631120496 0.040960693807
0.270831086044 0.018630992846 0.04096127833
0.271863688718 0.018632010414 0.040961499135
0.273917677397 0.018628649886 0.040961705322
0.275273014914 0.018628201889 0.040961719696
0.276969524425 0.018625821081 0.040961827178
0.278717012041 0.018626283447 0.04096295519
0.280004021453 0.018623978745 0.040963756194
0.282022758722 0.0186198817 0.0409656541
0.283290750186 0.018616097633 0.04096740598
0.285323371018 0.018608171848 0.040971075889
0.286575454028 0.018603858627 0.040972981893
0.288748837485 0.018629315182 0.040962299897
0.289885037007 0.01862543371 0.040964086887
0.292051653682 0.018616424567 0.040968292148
0.29316837556 0.018611439016 0.040970619288
0.295353468151 0.018601148514 0.040975422658
0.296450616838 0.018595498417 0.040977980979
0.297591204907 0.018603013658 0.040974491108
0.298756753342 0.018610772662 0.040970813018
0.300924759216 0.018608259107 0.040971985376
0.302045097255 0.018605991881 0.040973042844
0.304221437419 0.018599857287 0.040975904107
0.305330022192 0.0185958032 0.040977794992
0.307513336352 0.018599014986 0.040976296968
0.308628530555 0.018607099839 0.040972526076
0.310800988256 0.018604890339 0.040973556618
0.311917180012 0.018602802345 0.040974530489
0.314097351276 0.018596987055 0.040977242825
0.315202427381 0.018593123665 0.040979044766
0.316296826588 0.018588712404 0.040981100899
0.317398928456 0.018596693312 0.040977379831
0.319578397647 0.018604206578 0.040973875534
0.320694205481 0.018602878846 0.040974494808
0.322873348991 0.018598536184 0.040976520289
0.323980843886 0.018595400411 0.040977982859
0.32583001926 0.018588764843 0.040981077783
0.326352513299 0.018588764843 0.040981077783
0.328355682777 0.018603719363 0.040974102779
0.329471444031 0.018603292383 0.040974301928
0.331649142435 0.018600408414 0.040975647053
0.332759461697 0.018597995567 0.04097677244
0.33494615635 0.01859147559 0.040979813452
0.336044017953 0.018587207048 0.040981764457
0.337137873927 0.018595472146 0.0409779494
0.338248833504 0.018603944642 0.040973997706
0.34042480351 0.018602490017 0.040974676163
0.341538206798 0.018600792063 0.040975468114
0.343720460392 0.018595703653 0.040977841422
0.344824147762 0.018592210462 0.040979470697
0.345919496799 0.018588116853 0.040981363417
0.347021106177 0.0185965035 0.040977468362
0.349200338954 0.018604770334 0.04097361259
0.350317116528 0.018603848958 0.040974042334
0.352494526297 0.018600308384 0.040975693709
0.353604512504 0.018597568794 0.040976971493
0.355792149076 0.018590412501 0.040980309292
0.356896624567 0.018598748209 0.040976421397
0.359073153101 0.018606803008 0.040972664522
0.360192410028 0.018605737951 0.04097316128
0.362367499728 0.018602089113 0.040974863151
0.363479746102 0.01859936304 0.040976134631
0.365664982736 0.01859241431 0.040979375619
0.366772366748 0.018601346897 0.040975209331
0.368945128016 0.018610163119 0.040971097317
0.370068749719 0.018609281739 0.040971508406
0.372239160534 0.018605946061 0.040973064214
0.373356345319 0.018603317328 0.040974290294
0.375536471706 0.018596543055 0.040977449913
0.37664911252 0.018605532996 0.040973256874
0.3788165351 0.018614421388 0.040969111199
0.379945563062 0.018613574716 0.040969506099
0.382110442335 0.018610402494 0.04097098567
0.38323332006 0.018607865594 0.040972168917
0.385407503611 0.018601394756 0.040975187009
0.38652650198 0.018610737235 0.040970829541
0.388687040238 0.018620106292 0.040966459678
0.38982335706 0.018619418827 0.040966780321
0.391980640494 0.018616572955 0.040968107677
0.39311139758 0.018614158158 0.040969233974
0.395277436742 0.018607984421 0.040972113494
0.396404895245 0.018617529223 0.04096766166
0.398556658274 0.018627194352 0.040963153704
0.399702042 0.018626672166 0.040963397259
0.401849911126 0.018624210514 0.040964545409
0.402990435973 0.018621970565 0.040965590153
0.405146310529 0.018616249681 0.040968258457
0.406284409792 0.018626094777 0.040963666561
0.40842507121 0.018636188555 0.040958958677
0.409581956145 0.018635869777 0.04095910736
0.411717914609 0.018633852362 0.040960048311
0.412870754494 0.018631807789 0.04096100193
0.415013880667 0.018626576964 0.040963441662
0.416165275485 0.01863679748 0.040958674665
0.41829205249 0.018647447252 0.040953707457
0.419463358287 0.018647420998 0.040953719703
0.421584331064 0.01864600446 0.040954380397
0.422752711506 0.018644236665 0.040955204922
0.424879713301 0.018639652511 0.040957343038
0.426047932761 0.018650333985 0.040952361043
0.428157151827 0.018661682677 0.040947067849
0.429346710766 0.018662057127 0.0409468932
0.431448684808 0.018661419213 0.040947190732
0.43263679557 0.018660029964 0.040947838698
0.434743303296 0.018656275307 0.040949589924
0.435932875629 0.018667485681 0.040944361244
0.438019978736 0.018679512469 0.040938751775
0.439232365844 0.018680335346 0.040938367974
0.441310658619 0.018680598377 0.040938245292
0.442523341612 0.01867971745 0.040938656169
0.444604255237 0.018677070794 0.040939890608
0.445820709612 0.018689210341 0.040934228547
0.447879624904 0.018702373338 0.040928089135
0.449121351809 0.018703882133 0.040927385411
0.451169097412 0.018705368988 0.04092669192
0.452413552266 0.018705201364 0.040926770102
0.454461365701 0.018703942464 0.040927357272
0.455712559847 0.018717287632 0.040921132892
0.457735031396 0.018731940233 0.040914298706
0.459014794257 0.018734477874 0.040913115114
0.461022781875 0.018737659667 0.040911631079
0.462308767887 0.018738601786 0.040911191661
0.464313114815 0.018739294344 0.040910868642
0.465610115819 0.01875438986 0.040903827875
0.467584450473 0.018770977603 0.040896091111
0.468914515507 0.018775004988 0.04089421268
0.470869814065 0.01878047245 0.040891662576
0.472211043063 0.018783168524 0.040890405089
0.47415727175 0.018786655007 0.040888778943
0.475516235236 0.018805037151 0.040880205244
0.477423678507 0.018826134459 0.040870365154
0.478826189243 0.018834437715 0.040866492395
0.480702900602 0.0188453435 0.040861405779
0.482129115074 0.0188527216 0.040857964526
0.483983649904 0.01886213691 0.040853573089
0.485425593424 0.018873499098 0.04084827717
0.48721418616 0.018890702902 0.040840230657
0.488730918693 0.018905479614 0.040833349049
0.490484497632 0.01892294638 0.040825214665
0.492042827974 0.018938345323 0.040818043279
0.49375451608 0.018955638595 0.040809989692
0.495375095061 0.018975850861 0.040800550716
0.497012657115 0.018994865261 0.040790890321
0.498786656512 0.019024835115 0.040778690361
0.499977871633 0.019045385574 0.040770393773
0.501080803781 0.019060448417 0.040762756371
0.50294818727 0.019083577241 0.040749709856
0.504601850541 0.019120585344 0.040735730841
0.505435714643 0.019129588172 0.040728434612
0.507019796783 0.019166027989 0.040713850139
0.508254496203 0.019193067253 0.040701650313
0.509483135564 0.019219797308 0.040688523186
0.511660130533 0.019272537445 0.040662691618
0.512640396839 0.01931343306 0.040643387115
0.513811337786 0.019364996318 0.040618173287
0.515021424649 0.019422932347 0.040590671684
0.516027346792 0.019469850793 0.040569142063
0.517806277706 0.019525596403 0.040542247876
0.519318120114 0.019613681107 0.040499349313
0.520805009911 0.019733549766 0.040441629521
0.522381397879 0.019897711678 0.040360590983
0.523818921349 0.020079441315 0.040271474909
0.52475 0.020149051563 0.039903825162
0.52475 0.019991414301 0.038946221496
0.52475 0.019861193011 0.03798611642
0.52475 0.019743615909 0.036998916109
0.52475 0.019653326738 0.036008410697
0.52475 0.019573774759 0.035012791352
0.52475 0.019524326217 0.03404074123
0.52475 0.01951157347 0.03324621115
0.52475 0.019551990464 0.032315425309
0.52475 0.019608905857 0.031465137374
0.52475 0.019672716699 0.03078402127
0.52475 0.019794812436 0.029468146012
0.524535455642 0.019998158719 0.028723364825
0.522921609401 0.020852065501 0.028106869972
0.521616013466 0.021389575288 0.027702687522
0.520179023503 0.02185035652 0.027338244194
0.519151976109 0.022109423954 0.02713207662
0.517432795631 0.022425346673 0.026869555097
0.516247095964 0.022598060448 0.026726114938
0.514796179964 0.022795774845 0.026558327172
0.513108505026 0.02299948883 0.026382177442
0.512253311032 0.023088966828 0.026300854565
0.511329243997 0.023184690666 0.026219509841
0.509713214607 0.023327161189 0.026091608007
0.507938099056 0.02346627884 0.025967518716
0.506826410671 0.023546186708 0.025893447163
0.505143129727 0.023660869342 0.025789651731
0.503766796072 0.023746695595 0.025711361568
0.50203501533 0.023834061476 0.0256302073
0.501061506563 0.023873735846 0.025588350579
0.50003706252 0.02392127912 0.025547488397
0.498190607404 0.023995539073 0.025474322446
0.496082357807 0.024077477074 0.025400731748
0.494735756283 0.024123813526 0.025358000921
0.493365891546 0.024164287429 0.025318002499
0.491098233112 0.02422442888 0.025258682376
0.489368474022 0.024265834754 0.025219120771
0.487729866044 0.02430314048 0.025182989836
0.48564320571 0.024349667471 0.025140696742
0.484452716624 0.024371047666 0.025120618938
0.483243711361 0.024389947416 0.02510145557
0.481087094275 0.024420842446 0.025070130854
0.479658103731 0.024439935457 0.025051209904
0.477770337586 0.024465672263 0.025025214605
0.476092606255 0.0244875947 0.025004021916
0.474479327899 0.024506438846 0.024985696829
0.472673000181 0.024521602103 0.02497094979
0.471197021218 0.024532521818 0.02496030078
0.469325513651 0.024546755259 0.024946522645
0.467918130741 0.024559428423 0.024934195223
0.465963337625 0.024575494706 0.024918698333
0.464640081281 0.024585109435 0.024909408029
0.462636471344 0.024593881374 0.024900880947
0.461358224223 0.024598590108 0.024896302193
0.459326476612 0.024607687001 0.024887460187
0.458078467443 0.024615080958 0.024880269818
0.45601056945 0.024626187951 0.024869473543
0.454798963619 0.024631938531 0.024863883552
0.452706080369 0.02463619497 0.024859744195
0.451511836681 0.024637995898 0.024857992822
0.449405429654 0.024643449319 0.024852689111
0.448227618595 0.024648229878 0.024848039098
0.446098076315 0.024656066127 0.02484041743
0.444944188253 0.024659824682 0.024836755717
0.442770304327 0.024661313432 0.024835554873
0.441643686299 0.024661597007 0.024835402409
0.440063875157 0.024663045448 0.024834125273
0.438353418523 0.024667989489 0.024829101322
0.437242815794 0.024670947342 0.024826095655
0.43506795733 0.024676226198 0.024820731402
0.433942465918 0.02467609559 0.024820842586
0.431774025539 0.024674993052 0.024821919148
0.430646230984 0.024674109069 0.024822794861
0.428486538617 0.024679091013 0.024817790793
0.42735563703 0.024681454297 0.024815416536
0.425202074779 0.024685566412 0.024811294351
0.424083612261 0.024685139902 0.024811875656
0.422276266463 0.024683847426 0.02481344895
0.420847861518 0.024681979087 0.024815067079
0.419732028547 0.024684153959 0.024812929978
0.417557406153 0.0246881146 0.024809027544
0.416446647735 0.024689947893 0.024807219624
0.414268547749 0.024690608786 0.024806551435
0.413155591676 0.024689402532 0.024807724992
0.410982704605 0.024686421684 0.024810625477
0.409863350325 0.024688371794 0.024808734161
0.407681862698 0.024691948095 0.024805267282
0.406575005674 0.024693585051 0.024803681093
0.404386881275 0.024693891442 0.024803385653
0.403282941346 0.024692504565 0.024804731123
0.401103024762 0.024689183898 0.024807954598
0.399990720284 0.024690986827 0.024806201324
0.397804609905 0.02469428777 0.024802991603
0.396702533846 0.024695784173 0.024801536767
0.395605694799 0.024697156931 0.024800202427
0.393402844018 0.024694117978 0.024803019055
0.392274043827 0.02469227596 0.024804761257
0.39010351187 0.024692040307 0.024804885719
0.388970890555 0.02469367378 0.024803244896
0.386817081694 0.02469652162 0.024800391348
0.385681875554 0.024697847383 0.024799063002
0.383535072022 0.024695522358 0.024801799066
0.382458261986 0.024693726488 0.02480342462
0.381348009813 0.024691659665 0.024805266798
0.379192919014 0.024694805337 0.024802149795
0.378062025886 0.024696291364 0.024800676953
0.375905785364 0.024698739844 0.024798238783
0.37477233288 0.024697318553 0.024799639499
0.372614634023 0.024694050128 0.024802857377
0.371475971189 0.02469206049 0.02480481171
0.369326698816 0.024695049072 0.024801842056
0.368190078437 0.024696485975 0.024800414608
0.366040724497 0.024698847305 0.024798055745
0.364904496965 0.024697301609 0.024799451031
0.3628000201 0.024693862753 0.024802573301
0.361619806843 0.024691723906 0.024804566149
0.359622156301 0.024693721456 0.024801855726
0.358367923575 0.024695143046 0.024800242342
0.356480110764 0.024696646819 0.024798150872
0.355098527308 0.024695092586 0.024799678193
0.353198728684 0.024692355658 0.024802355381
0.351804763719 0.024690150665 0.024804524474
0.349907873584 0.024692729835 0.024801991364
0.348516117873 0.024694550261 0.024800199503
0.346609891139 0.024696654243 0.024798134762
0.345222937 0.024695080806 0.024799697999
0.343303539417 0.024692357541 0.024802455643
0.341923386159 0.024690140303 0.024804652589
0.339989490774 0.024692888403 0.024802041452
0.33862991291 0.024694692694 0.024800289024
0.336669849317 0.024696944367 0.024798173185
0.335336038093 0.024695373203 0.024799715656
0.333385522102 0.024692467546 0.024802564891
0.33204152166 0.024690244938 0.02480474789
0.330109164003 0.024692767727 0.024802168287
0.328759295709 0.024694503447 0.024800438944
0.326838180533 0.024696521627 0.02479835615
0.325473035212 0.024694950547 0.024799894054
0.323562784853 0.024692126008 0.024802634572
0.322180965624 0.024689883847 0.024804835172
0.320206681031 0.024692973538 0.024802249488
0.318866822563 0.024694802206 0.024800601399
0.316791806776 0.024697506571 0.024798499882
0.315563279166 0.02469593346 0.024799982842
0.313540090284 0.024692703914 0.024803000594
0.312277530013 0.02469049469 0.024805117457
0.310267339594 0.024693103209 0.024802530301
0.308993813102 0.024694643126 0.0248010102
0.30698141891 0.024696641766 0.024799020532
0.305707630134 0.024695046846 0.024800651522
0.303667682716 0.024691963422 0.024803871353
0.30241768824 0.024689783498 0.024806081186
0.300364642803 0.024692475247 0.024803494241
0.299136159663 0.024693961233 0.024802058871
0.297068131483 0.024696102817 0.024800012267
0.295866189579 0.024693935069 0.024802119947
0.293836196498 0.024689335423 0.024806587995
0.292615533424 0.024686130996 0.024809711686
0.290517238095 0.024689370872 0.024806964301
0.28932030898 0.024690755953 0.024805805997
0.287146963684 0.024692401342 0.024804673735
0.286082439549 0.024691337711 0.024805556643
0.284073240194 0.024688888547 0.024807635473
0.282957888751 0.024687361056 0.024808998578
0.281803976964 0.024690367071 0.024806865115
0.27952896858 0.024691378032 0.024804063296
0.278014855697 0.02469182621 0.02480337306
0.276263421593 0.02468932845 0.024804299561
0.274652986944 0.024687765931 0.024808485037
0.273698951947 0.02468455595 0.024811448084
0.27287183469 0.024684451683 0.024811275947
0.271756200755 0.024683834535 0.024810845341
0.271056180742 0.024686278029 0.024810478557
0.26868373534 0.024683031522 0.024811825109
0.266678747645 0.024682905821 0.024812620745
0.26497110289 0.024682739587 0.02481308065
0.263825835096 0.024678281233 0.024814614436
0.262914683943 0.024681394139 0.024815553504
0.261946732351 0.024676460172 0.024816329358
0.260847482642 0.024677684829 0.024817299779
0.260127144584 0.024678564256 0.024817689166
0.259484129416 0.024678534608 0.024817897405
0.258120663965 0.024676430275 0.024819745487
0.257022043283 0.02467313435 0.024821348045
0.255594644762 0.02467312992 0.024823514584
0.254560081077 0.024668347965 0.024825152486
0.253706154242 0.024670531853 0.024826540704
0.252148144739 0.024665699156 0.024829439708
0.250630275723 0.024665459607 0.024831582686
0.249796415116 0.024662053857 0.024833006374
0.248500111068 0.02466140901 0.024835413315
0.247395639714 0.024657332953 0.024837550778
0.246457447728 0.024657427396 0.02483949753
0.244994922209 0.024652632853 0.024842642847
0.243463879253 0.024650543414 0.024846066862
0.242614628145 0.024648567252 0.024848091562
0.241679437195 0.024645510122 0.024850480526
0.240255975737 0.024637697934 0.024856367246
0.239465949445 0.024636937539 0.024859987932
0.23791106731 0.024625927224 0.024867494942
0.237128175432 0.024625823329 0.02487076034
0.235688230117 0.024618536503 0.024877350149
0.234421273759 0.024611793155 0.024883993119
0.233466248807 0.024604302495 0.024889378558
0.232316638692 0.024599318037 0.024896562425
0.231135332746 0.024588939533 0.024905167526
0.230257214103 0.024580938213 0.024914598307
0.229112970115 0.024562979401 0.02493183045
0.22785819813 0.024534628718 0.024960641571
0.227056485057 0.024508500377 0.024983698257
0.226277554979 0.024483752911 0.025010472458
0.225 0.024430719883 0.025061867362
