0.225 0.031015176388 -0.01621822719
0.225 0.031382499451 -0.016724288215
0.225 0.031942089483 -0.017549957047
0.225 0.032494888533 -0.018392381797
0.225 0.03283716156 -0.018940609373
0.225 0.033226018754 -0.019577041102
0.225 0.033695836903 -0.020399567558
0.225 0.034369516458 -0.021615734806
0.225 0.034761362884 -0.022378212223
0.225 0.035224440307 -0.02333852074
0.225 0.03565858084 -0.024302800721
0.225 0.035976733656 -0.025036193066
0.225 0.03649686005 -0.026321938475
0.226093108427 0.03647317092 -0.026356531061
0.22714270136 0.036451216731 -0.026384999313
0.228086634333 0.036438006148 -0.026405224997
0.229285402721 0.036422748293 -0.026425543223
0.230556602197 0.036413795437 -0.026438748644
0.231435705344 0.036408769297 -0.026443103889
0.232325445374 0.036407992003 -0.02644679672
0.233698615418 0.036404556892 -0.026451743302
0.235123433909 0.036401256796 -0.026456237682
0.235927235865 0.036397461312 -0.026458551401
0.23683440052 0.0363977601 -0.026460824044
0.238155363254 0.036394696255 -0.026463767131
0.23925714941 0.036392979836 -0.026466861686
0.240410233278 0.036390360729 -0.026470077729
0.24189391841 0.036388398945 -0.026474095145
0.242665185137 0.036384653941 -0.0264761988
0.24363137096 0.036385011194 -0.026478157496
0.244833807273 0.036382478376 -0.026479718983
0.246068340548 0.036382043138 -0.026481901065
0.247298304194 0.03637936417 -0.026483934259
0.248746523903 0.036380262381 -0.026484987437
0.249609131286 0.036376596133 -0.02648593327
0.25053079037 0.036378564038 -0.026487110695
0.25192006062 0.036375049692 -0.026489384495
0.252635330142 0.036376979754 -0.026488880344
0.253821400652 0.036375014681 -0.026488923398
0.254474124343 0.036377169957 -0.026489400824
0.255308294369 0.036376269195 -0.026490177921
0.256689174636 0.036374407892 -0.026491421327
0.257888137974 0.03637415657 -0.026492314192
0.258897948464 0.036373865613 -0.026492988783
0.260277144961 0.036373830399 -0.026494217358
0.261007603372 0.036372647323 -0.026495132156
0.261769458808 0.036371352433 -0.026495489538
0.262879040426 0.036371165499 -0.026496049915
0.263840035604 0.036371799621 -0.026496645333
0.264750571235 0.036370388976 -0.026497292077
0.266177875904 0.036368162013 -0.026498625148
0.267876886377 0.036369173526 -0.02649865369
0.269045474263 0.036370563896 -0.026497482553
0.270008579531 0.036372631875 -0.02649578179
0.271844330888 0.036372278661 -0.026490733993
0.272988783149 0.036379391466 -0.026486048055
0.274798264026 0.036375069158 -0.026487546896
0.276322248643 0.036371211769 -0.026492865813
0.278135246979 0.036366275831 -0.02649860132
0.279870697736 0.036363715371 -0.026502880219
0.281557737459 0.036363031927 -0.026504699822
0.283531579007 0.036364778334 -0.026501425297
0.285345932107 0.036365417769 -0.026501447925
0.286903477073 0.036364314328 -0.026502967895
0.288639925052 0.036362934163 -0.026504868003
0.290192838527 0.036361860038 -0.026506347574
0.291932478448 0.036361944932 -0.026506230522
0.293487056925 0.036364457858 -0.026502769607
0.295221600418 0.036364447551 -0.026502783836
0.296777234536 0.036363182632 -0.026504525934
0.298515655048 0.03636169091 -0.026506580393
0.300066036283 0.036360552686 -0.026508148002
0.301808029497 0.036360657216 -0.026508004038
0.303359969357 0.036363184676 -0.026504523119
0.305096821373 0.036363297286 -0.026504368028
0.306650375707 0.036362200175 -0.026505879013
0.308390547176 0.036360877841 -0.026507700184
0.30993948346 0.036359884023 -0.026509068911
0.311682669574 0.036360102615 -0.026508767858
0.313233578142 0.036362681736 -0.026505215789
0.314971376264 0.036362830038 -0.02650501154
0.316524023485 0.03636173722 -0.026506516613
0.318265078471 0.036360434792 -0.02650831037
0.319813176907 0.036359467901 -0.026509642012
0.321557140189 0.036359721789 -0.026509292347
0.323107319219 0.036362314455 -0.026505721622
0.3248458045 0.03636249267 -0.026505476177
0.326397840116 0.036361447417 -0.026506915742
0.328139402378 0.036360204407 -0.026508627665
0.329687109826 0.036359297344 -0.026509876908
0.331431335402 0.036359623375 -0.026509427886
0.332981374348 0.03636226922 -0.026505783922
0.33471991581 0.036362480295 -0.026505493221
0.336271942855 0.036361451003 -0.026506910804
0.338013485517 0.036360220919 -0.026508604924
0.33956123366 0.036359322562 -0.026509842178
0.341305387404 0.036359671816 -0.026509361171
0.342855560165 0.036362357998 -0.026505661653
0.344593876973 0.036362621888 -0.026505298213
0.346146234009 0.0363616478 -0.026506639766
0.347887334949 0.036360477087 -0.026508252119
0.349435628262 0.03635962544 -0.026509425041
0.351179152372 0.036360014599 -0.026508889077
0.352730023317 0.036362731172 -0.026505147702
0.354467563626 0.036363044978 -0.026504715516
0.356020797861 0.036362124237 -0.026505983598
0.357760899263 0.036361025631 -0.026507496643
0.359310335206 0.036360248612 -0.026508566785
0.361052596556 0.03636068633 -0.026507963942
0.362604764591 0.036363389546 -0.026504240963
0.364341021662 0.036363702505 -0.026503809944
0.365895527311 0.036362770486 -0.026505093558
0.367634379069 0.036361660833 -0.026506621817
0.369185024503 0.036360853686 -0.026507733451
0.37092612693 0.036361269677 -0.026507160533
0.372479434013 0.03636397424 -0.0265034357
0.374214462996 0.036364377158 -0.026502880785
0.375770398795 0.036363562385 -0.026504002922
0.377507604474 0.036362556912 -0.026505387701
0.379060068534 0.036361822524 -0.026506399129
0.380799248454 0.036362272281 -0.026505779706
0.382354500498 0.036364966103 -0.026502069666
0.384087552872 0.036365412216 -0.026501455262
0.385645574508 0.036364666257 -0.026502482626
0.387380535858 0.036363754496 -0.02650373834
0.388935412903 0.036363099344 -0.026504640642
0.390672054873 0.036363598011 -0.026503953857
0.392229870563 0.036366269273 -0.026500274887
0.393960344309 0.036366753308 -0.026499608255
0.395521061486 0.036366089316 -0.026500522732
0.397253150803 0.036365276573 -0.026501642074
0.398811091341 0.036364718737 -0.026502410349
0.400544457775 0.036365337528 -0.026501558124
0.402105795198 0.036368141131 -0.02649769689
0.403832586355 0.036368657777 -0.026496985344
0.405397008742 0.036367984369 -0.026497912788
0.40712540931 0.036367164162 -0.026499042411
0.408687025532 0.036366600392 -0.026499818857
0.410416684186 0.036367258029 -0.026498913134
0.411981897249 0.036370194919 -0.026494868331
0.413704566952 0.036370830349 -0.026493993191
0.415273315274 0.036370247844 -0.02649479544
0.416997211869 0.036369519303 -0.026495798816
0.418563485055 0.036369020752 -0.02649648544
0.420288379385 0.036369723263 -0.026495517914
0.421858446761 0.036372707557 -0.026491407824
0.42357609305 0.036373468988 -0.026490359151
0.425150148 0.036373050904 -0.026490934952
0.426868384943 0.036372519952 -0.026491666201
0.428440686776 0.0363722022 -0.026492103822
0.430159228229 0.036373056395 -0.026490927391
0.431735877324 0.036376123673 -0.026486703012
0.433446770751 0.036376977619 -0.026485526923
0.43502779597 0.036376689961 -0.026485923097
0.436738770443 0.036376328222 -0.026486421299
0.438318673452 0.036376188584 -0.026486613614
0.440029236573 0.03637725142 -0.026485149833
0.44161430118 0.036380558365 -0.026480595376
0.443316416128 0.03638154485 -0.026479236749
0.444906448068 0.036381358704 -0.026479493117
0.4466081975 0.03638111933 -0.026479822792
0.448197563915 0.03638110176 -0.026479846991
0.449898379863 0.036382333519 -0.026478150562
0.451493642304 0.036385933672 -0.026473192287
0.453185017367 0.036387182797 -0.026471471942
0.454786288979 0.03638724652 -0.026471384179
0.456476298151 0.036387270606 -0.026471351008
0.458077893734 0.036387490928 -0.026471047572
0.459766022231 0.036388954744 -0.026469031545
0.461374504522 0.03639286879 -0.026463640963
0.463052008337 0.036394472 -0.026461432958
0.464667900454 0.036394949967 -0.026460774683
0.466342447362 0.036395422994 -0.026460123211
0.467960384128 0.036396095666 -0.026459196781
0.469631286903 0.036398014185 -0.026456554518
0.471258006576 0.036402510939 -0.026450361409
0.472916341621 0.036404486536 -0.026447640536
0.474552142972 0.036405351427 -0.026446449374
0.476205976642 0.036406261999 -0.026445195297
0.477845550488 0.036407444482 -0.026443566734
0.47954022573 0.036409420492 -0.026439987249
0.481563718203 0.036417067476 -0.026430979156
0.483006572116 0.036418871158 -0.026428025273
0.484913318746 0.036420923299 -0.026425229537
0.486293837649 0.036422492838 -0.026423091274
0.488207229718 0.036424944655 -0.026419751039
0.489581563026 0.036427916207 -0.026417384949
0.49080086269 0.036428796469 -0.026416535051
0.491788559526 0.036428475186 -0.026416937843
0.493691891285 0.036438362511 -0.026403374932
0.495148286141 0.036444563267 -0.026394872966
0.4970864385 0.036450803045 -0.0263863091
0.498400584327 0.036453466945 -0.026381308836
0.499279905756 0.036458263733 -0.026375886557
0.500478581475 0.036462177496 -0.026369756533
0.502103608825 0.036468558948 -0.026362966686
0.503088760885 0.03646800678 -0.026358817518
0.503973674929 0.036474867013 -0.026354932529
0.505858040442 0.036478963468 -0.026346070661
0.506875031442 0.036485436617 -0.026339877626
0.508706902104 0.036493408108 -0.02632633994
0.510372263366 0.036503238289 -0.026315586556
0.51122341205 0.036504837652 -0.026309838386
0.512616307937 0.036514192138 -0.026299987703
0.513754800712 0.036519239652 -0.026288316749
0.514692853502 0.036531305092 -0.0262760231
0.516327137515 0.036547716568 -0.026253481385
0.518130369048 0.036565938682 -0.026227813223
0.519164327477 0.036578692866 -0.026205473689
0.520238596188 0.036603617954 -0.026175328091
0.521967910826 0.036643189025 -0.026117474251
0.523490742847 0.036687122391 -0.026056593698
0.52475 0.036725051316 -0.025999847316
0.52475 0.036203688786 -0.025546951402
0.52475 0.035336876085 -0.02478493279
0.52475 0.0347926254 -0.024286337301
0.52475 0.034018268059 -0.02357051319
0.52475 0.033288221566 -0.022852864919
0.52475 0.032343717012 -0.021897015193
0.52475 0.031639897054 -0.021102541848
0.52475 0.031246103672 -0.020635403815
0.52475 0.030617087017 -0.019881506214
0.52475 0.030204734044 -0.019360649817
0.52475 0.02962521955 -0.018630814108
0.523259622171 0.029862435464 -0.018252844635
0.521890782575 0.030024950833 -0.017984253948
0.520660806268 0.030147708013 -0.017778112944
0.518890104157 0.030289225961 -0.017532070994
0.517834197861 0.030358789361 -0.017416195412
0.515916844336 0.030444681545 -0.017261015648
0.5146751299 0.030497779555 -0.017171840748
0.51360436229 0.03053555184 -0.017100123138
0.51246718548 0.030575059164 -0.017030140433
0.510610922318 0.030633063968 -0.016929656415
0.509507774033 0.030662012852 -0.016873899067
0.50784111346 0.030704672513 -0.016796959184
0.506528081711 0.030736390931 -0.016741112538
0.505161858871 0.030764199688 -0.016688269206
0.504322365125 0.030776300634 -0.016658452153
0.502635875442 0.030805508342 -0.016605140264
0.501039274432 0.030831298394 -0.016557290101
0.498995523187 0.030863598151 -0.016501207492
0.497750549902 0.030882110352 -0.016469313329
0.496575800069 0.030896599271 -0.016441084694
0.494183281484 0.030925180963 -0.016389638597
0.492924330452 0.030936578262 -0.016368154666
0.491768495258 0.030946297298 -0.016349724251
0.490597702724 0.030955553294 -0.016331991387
0.488310037514 0.030972254815 -0.016300009926
0.487111936074 0.030980236325 -0.016284698698
0.484843556431 0.030994025515 -0.01625831217
0.483662076617 0.031001913037 -0.016243125027
0.481565266572 0.031012248456 -0.016222337556
0.480323784531 0.031017941309 -0.016211026423
0.478326382233 0.031026267269 -0.016194306943
0.476988470654 0.031031408748 -0.016184190777
0.475082903241 0.031037896745 -0.016171176101
0.473657498143 0.031043269347 -0.016160794806
0.471759087099 0.031049133395 -0.016149742373
0.470334766218 0.031053071418 -0.016142119955
0.468411878552 0.031058048491 -0.016132787036
0.467013873333 0.031061221723 -0.016126659634
0.465061509058 0.031065304193 -0.016119074476
0.463700479853 0.031068522485 -0.016112611099
0.461755870287 0.03107196741 -0.016106082316
0.460393798855 0.031074141247 -0.016101871977
0.4584376608 0.031077020724 -0.016096447394
0.457088232659 0.031078771976 -0.01609306589
0.455117635386 0.031081084086 -0.016088753721
0.453786247391 0.031083296371 -0.016084404116
0.451849988312 0.031085124942 -0.016080633038
0.450497834991 0.03108634069 -0.016078211413
0.44859181092 0.031087778165 -0.016075223048
0.447210136556 0.031088761842 -0.016073270343
0.445332510899 0.031089819319 -0.016071040457
0.443918105277 0.031091552515 -0.016067877128
0.44205355399 0.031092609777 -0.016065690501
0.440629921957 0.031093387627 -0.01606416137
0.438787679866 0.031094162576 -0.016062535299
0.43734227763 0.03109474283 -0.016061400177
0.435520911577 0.031095241337 -0.016060321774
0.43405151932 0.031096443141 -0.016057999609
0.432218783593 0.031097146205 -0.016056728833
0.430753639061 0.031097621424 -0.016055798602
0.428906528681 0.031098119161 -0.01605493234
0.427456179182 0.031098424127 -0.01605433872
0.425593552063 0.031098713489 -0.016053883988
0.424162640203 0.031099556256 -0.016052015682
0.422311740592 0.031099919317 -0.016051322992
0.420869752185 0.031100173688 -0.016050825653
0.419017604147 0.031100375604 -0.016050448417
0.417577186916 0.031100504021 -0.016050197701
0.415722942445 0.031100544288 -0.016050137039
0.41428430598 0.03110137682 -0.016048500094
0.412433176794 0.03110156186 -0.016048137475
0.410992593947 0.031101694881 -0.016047876977
0.409142192312 0.031101742702 -0.01604778307
0.407701156329 0.0311017689 -0.016047731758
0.405850762521 0.03110167925 -0.016047907053
0.404406650644 0.031102515957 -0.0160464369
0.402552576524 0.031102601211 -0.016046252383
0.401115926862 0.031102666049 -0.0160461246
0.39926477591 0.031102625302 -0.016046187015
0.397825452379 0.031102592494 -0.016046250599
0.395976558009 0.031102425744 -0.016046559852
0.394533327729 0.031103103977 -0.016045224973
0.392673134493 0.031103200554 -0.016045130296
0.391237444708 0.031103237249 -0.01604506442
0.389362706402 0.031103219215 -0.016045197879
0.387941791234 0.031103167944 -0.016045308131
0.386051889602 0.031103033432 -0.016045673884
0.384652014035 0.031103609068 -0.016044348148
0.382813709932 0.031103455712 -0.016044358375
0.381373919935 0.031103455107 -0.016044360052
0.379578115086 0.031103217517 -0.016044566872
0.378096019632 0.031103152509 -0.016044726578
0.376342217933 0.03110283479 -0.016045120758
0.374812055233 0.031103487807 -0.016043930079
0.373042787357 0.031103546522 -0.016043904728
0.371515218912 0.031103552453 -0.016043872591
0.36972786763 0.031103503395 -0.016044063009
0.368218610769 0.031103417725 -0.016044215342
0.36641256772 0.031103258644 -0.016044626507
0.364929425149 0.031103917921 -0.01604341541
0.36322371058 0.031103615543 -0.016043473721
0.361672500481 0.031103740086 -0.01604349769
0.360074661768 0.031103467687 -0.016043704342
0.35841568999 0.031103618947 -0.016043886026
0.356925448593 0.031103388154 -0.01604421708
0.355146959164 0.031104025399 -0.016043422916
0.353665183772 0.031104087125 -0.016043304541
0.351855001332 0.031104144479 -0.016043185502
0.350371836854 0.031104076722 -0.016043316024
0.348563356176 0.031103976016 -0.016043500827
0.347077945563 0.031103778034 -0.016043881729
0.345271529684 0.031104139118 -0.016043178426
0.343786893927 0.031104164641 -0.016043129408
0.341980048404 0.031104188678 -0.016043082064
0.340495143623 0.03110409695 -0.016043258434
0.338688849947 0.031103978233 -0.0160434855
0.337202902214 0.031103768735 -0.016043888261
0.335396732973 0.031104144895 -0.016043200351
0.333910025553 0.031104165341 -0.016043160966
0.332105410263 0.031104184138 -0.016043126522
0.330618891528 0.031104087395 -0.016043312436
0.328814368812 0.031103963792 -0.016043551755
0.327327262485 0.031103749405 -0.01604396383
0.325523214905 0.031104095892 -0.016043294929
0.324039222185 0.031104111612 -0.016043264253
0.322232403966 0.031104130028 -0.016043240537
0.320750299262 0.031104028366 -0.016043435548
0.318941875861 0.031103903311 -0.016043687636
0.317460880942 0.031103684044 -0.01604410869
0.315652062847 0.03110402864 -0.016043467352
0.31418402676 0.031104032011 -0.016043460553
0.312364204505 0.031104066304 -0.01604347195
0.310908600864 0.031103950838 -0.016043695867
0.309076640902 0.031103834017 -0.016043999794
0.307632667106 0.031103601048 -0.016044451408
0.305782637886 0.031103784711 -0.016043907849
0.304291433234 0.031103776441 -0.01604392182
0.302471040667 0.031103581172 -0.016043963823
0.300919362315 0.031103461979 -0.016044249446
0.299159753694 0.031103142129 -0.016044591169
0.297546736428 0.03110290256 -0.016045169083
0.295855841486 0.031103261572 -0.016044431013
0.294283356129 0.031103110512 -0.016044620614
0.292576073462 0.03110312743 -0.016044823954
0.291053791313 0.031102891292 -0.016045220341
0.289296554088 0.031102797956 -0.016045679003
0.287823821057 0.031102483293 -0.016046267985
0.286001693179 0.031102694209 -0.016045629931
0.284437720376 0.03110292144 -0.016045287155
0.282672024727 0.031103096165 -0.016044434079
0.280990526932 0.031103703795 -0.016043576105
0.279341754844 0.031104213931 -0.016042292103
0.277544462124 0.031105237092 -0.016040840168
0.276020369009 0.031105010362 -0.016040889686
0.274165669886 0.031103900077 -0.016043743259
0.272757701839 0.031102936058 -0.016045744323
0.270792579914 0.03110210458 -0.016048265698
0.269494534455 0.031101497673 -0.016049776235
0.267420423954 0.031100970406 -0.016051908117
0.266224331676 0.031102064542 -0.016050740309
0.265188027459 0.031101774384 -0.016051913992
0.263151450874 0.031099659804 -0.016053992213
0.261947755759 0.031098750307 -0.01605511044
0.260078383261 0.031097196126 -0.016056648535
0.258708390176 0.031096611582 -0.016057659915
0.257058357373 0.031095221195 -0.016059584914
0.255486267175 0.031096640163 -0.016061816227
0.254251208935 0.031093017544 -0.01606340958
0.252528590751 0.031093810996 -0.016066124897
0.251480068884 0.031091880068 -0.016067872899
0.249996804076 0.03109068494 -0.016070591307
0.248853673477 0.031090788988 -0.016072326798
0.247606798624 0.031089376024 -0.01607370062
0.246516279233 0.031089258642 -0.016074763167
0.245241226165 0.031088392176 -0.016075746649
0.244107414995 0.031088248304 -0.016077453652
0.242858880609 0.031086179031 -0.016079632471
0.241706341601 0.031085648502 -0.016081698215
0.240783035482 0.031084544955 -0.016083265096
0.23949066288 0.031082229591 -0.016085494045
0.238696230599 0.031083754357 -0.016087010195
0.237274952822 0.031079629363 -0.016089583543
0.235917093419 0.031081029689 -0.016092319935
0.235147720528 0.031077880324 -0.016095439525
0.233955522108 0.031076519339 -0.016101034667
0.233225592343 0.031073090407 -0.016104684773
0.23201858381 0.031071256732 -0.016111196925
0.231303709231 0.03106760712 -0.016115275707
0.230086465266 0.031065303316 -0.016122697495
0.229453626771 0.031061542634 -0.016126864987
0.228682590045 0.031058722353 -0.016134892645
0.227748522473 0.03105067663 -0.016148262553
0.227040795541 0.031044696458 -0.016161732545
0.226046068924 0.031033018679 -0.016184789782
0.225073482582 0.031016697227 -0.016215743731
0.225 0.031015176388 -0.01621822719
