0.225 0.033441050118 -0.010328931528
0.225 0.033783023965 -0.010552346717
0.225 0.034364636371 -0.010942748974
0.225 0.034842325801 -0.011269479814
0.225 0.035379380578 -0.011652095714
0.225 0.035945159034 -0.012054883514
0.225 0.036491030897 -0.012450899552
0.225 0.036836478364 -0.012704827925
0.225 0.037478700626 -0.013189333589
0.225 0.037859432368 -0.013481667699
0.225 0.038461977688 -0.013961727377
0.225 0.038914752804 -0.014325513718
0.225 0.03933534984 -0.014669632041
0.225 0.040068091979 -0.015276596813
0.225 0.040644593923 -0.015760659693
0.225 0.041180794863 -0.016223916609
0.225 0.041678410568 -0.016664453284
0.225525623747 0.041761258848 -0.01676077474
0.22631551635 0.041754613502 -0.016778441571
0.227233072928 0.041747706066 -0.01679504541
0.228323621216 0.041742637965 -0.016809025676
0.228965381723 0.041739146475 -0.016814638863
0.229608431748 0.041739009822 -0.01681802437
0.230753844958 0.041737110303 -0.01682234013
0.231670710629 0.041735259984 -0.016826179461
0.232659250986 0.041734245334 -0.016829808521
0.233606280339 0.041732594141 -0.016832774257
0.234564293559 0.041732094796 -0.016835278427
0.235544710497 0.04173077367 -0.016837313018
0.236621127134 0.041729641481 -0.016840484999
0.237699942852 0.041728252413 -0.016842218832
0.238817524381 0.041728128261 -0.016843475434
0.239754630837 0.041727646078 -0.016844179928
0.241013100445 0.041726851936 -0.016844578291
0.241810784173 0.041728042992 -0.016844460043
0.243318712602 0.041726246448 -0.016845072434
0.244204802616 0.04172784235 -0.016845812178
0.245785274484 0.041724923568 -0.016847437449
0.24652880291 0.04172686244 -0.016848254233
0.247990014259 0.041724490689 -0.016849398821
0.248846553953 0.041725785056 -0.01684963526
0.25044343084 0.041723785216 -0.016852344645
0.251698880149 0.041723273798 -0.016855146616
0.253394384835 0.041722017549 -0.016857819578
0.254748242197 0.04172155172 -0.016859046973
0.256344241408 0.041721961155 -0.016859411233
0.257803953219 0.041721609325 -0.016858801596
0.259140100926 0.041720421275 -0.016859671655
0.260598537845 0.041720287683 -0.016859989214
0.262388726427 0.041719944642 -0.016861052404
0.263814146202 0.041719457348 -0.016862256486
0.265636095345 0.041718649874 -0.016864474592
0.267031332723 0.041717822958 -0.016866525956
0.268900672268 0.041717355032 -0.016867626004
0.270257195316 0.041717336098 -0.016867857079
0.272262429142 0.041717512349 -0.016868210912
0.273543595828 0.041717498891 -0.016868536856
0.275623996643 0.041717633902 -0.016869098852
0.276830151574 0.041717631617 -0.016869504849
0.278966266951 0.041717515076 -0.016870189166
0.280120197194 0.041717370765 -0.016870538937
0.282257252781 0.041717124739 -0.016871136474
0.283411960875 0.041716990646 -0.016871461655
0.285548282632 0.041716763958 -0.016872012657
0.286703680481 0.041716640132 -0.016872313128
0.288839468615 0.041716548269 -0.016872536948
0.289995186655 0.041716513033 -0.016872621706
0.292130699851 0.041716457456 -0.016872755392
0.293286692328 0.041716419478 -0.016872846745
0.295421919585 0.041716358916 -0.016872992423
0.296578209515 0.041716318188 -0.016873090391
0.298713154735 0.041716270733 -0.016873204542
0.299869744091 0.041716205217 -0.016873362137
0.302004264871 0.041716098565 -0.016873618681
0.303161364233 0.041716034761 -0.016873772155
0.305295382542 0.041715931458 -0.016874020644
0.306452976829 0.041715869376 -0.01687416998
0.308586630195 0.041715851675 -0.016874212559
0.309744401511 0.04171583023 -0.016874264141
0.311877912298 0.041715795035 -0.016874348802
0.313035866085 0.041715764287 -0.016874422764
0.315169155097 0.04171571199 -0.016874548561
0.316327370009 0.041715671907 -0.016874644977
0.318460475936 0.041715681373 -0.016874622208
0.319618736784 0.041715671664 -0.016874645561
0.321751807591 0.041715658022 -0.016874678378
0.322910151684 0.041715639091 -0.016874723914
0.325043100259 0.041715608478 -0.016874797551
0.326201605613 0.041715580298 -0.016874865337
0.328334468915 0.041715609985 -0.016874793927
0.329492927353 0.04171561031 -0.016874793145
0.331625843407 0.041715615412 -0.016874780872
0.332784298968 0.041715606816 -0.016874801549
0.334917180162 0.041715595487 -0.0168748288
0.336075708356 0.041715577946 -0.016874870995
0.338208591665 0.041715625778 -0.016874755937
0.33936698971 0.041715635089 -0.01687473354
0.341500004015 0.041715656638 -0.016874681706
0.342658323465 0.04171565703 -0.016874680763
0.344791378612 0.041715662136 -0.016874668481
0.345949695005 0.041715653586 -0.016874689047
0.348082817347 0.041715710721 -0.016874551613
0.349240968685 0.041715715885 -0.016874539192
0.351374188372 0.041715713819 -0.016874544162
0.352532368484 0.041715693456 -0.016874593142
0.354665451384 0.041715644353 -0.016874711257
0.355823876404 0.041715598392 -0.016874821813
0.357956863361 0.041715674963 -0.016874637627
0.359115018172 0.04171574931 -0.01687445879
0.36124852185 0.04171587118 -0.016874165641
0.362406133176 0.041715918208 -0.016874052518
0.364540064677 0.041715989695 -0.016873880561
0.365697363883 0.041716009376 -0.016873833219
0.367831593963 0.041716099112 -0.016873617364
0.368988544708 0.041716134055 -0.016873533312
0.371123099026 0.041716192257 -0.01687339331
0.372279797713 0.041716210243 -0.016873350046
0.374414532218 0.041716237119 -0.016873285398
0.375571122628 0.041716238122 -0.016873282984
0.37770606601 0.041716349564 -0.016873014919
0.378862211177 0.041716424792 -0.016872833962
0.380997740412 0.041716556471 -0.016872517217
0.382153295412 0.041716614361 -0.016872377966
0.384289341308 0.041716713997 -0.016872138299
0.385444453166 0.041716754539 -0.016872040777
0.387580964991 0.04171688683 -0.01687172256
0.38873552744 0.041716950799 -0.016871568687
0.390872600332 0.041717067496 -0.01687128798
0.392026641119 0.041717120588 -0.016871160272
0.394164189493 0.041717217139 -0.016870928025
0.395317800986 0.041717259346 -0.016870826498
0.397455847827 0.041717413252 -0.016870456289
0.398608814426 0.041717496475 -0.0168702561
0.400747565289 0.041717649086 -0.016869889004
0.401899845875 0.041717721505 -0.016869714806
0.404039236858 0.04171785409 -0.016869395881
0.405190923221 0.041717915701 -0.016869247679
0.407330972164 0.041718101913 -0.016868799759
0.408481862334 0.041718202763 -0.016868557171
0.410622769705 0.041718391546 -0.016868103068
0.411772808308 0.041718485216 -0.01686787775
0.413914536794 0.04171866072 -0.016867455587
0.41506378473 0.041718747213 -0.016867247533
0.417206377082 0.04171897907 -0.016866689818
0.418354617099 0.041719105986 -0.016866384529
0.420498293127 0.041719348314 -0.016865801626
0.421645437174 0.041719473018 -0.016865501658
0.423790200025 0.041719711412 -0.016864928217
0.424936266393 0.041719833906 -0.016864633565
0.427082167001 0.041720114871 -0.016863957722
0.42822700374 0.041720256515 -0.016863617008
0.430374142818 0.041720524269 -0.016862972943
0.431517768278 0.041720660857 -0.016862644391
0.433666097365 0.041720919379 -0.016862022533
0.434808554075 0.041721050917 -0.016861706128
0.436958169304 0.041721393352 -0.016860882422
0.43809911441 0.041721592442 -0.016860403524
0.440250389804 0.04172196713 -0.016859502238
0.441389637624 0.041722158906 -0.016859040933
0.443542579773 0.041722520396 -0.016858171393
0.444680191342 0.041722704877 -0.016857727636
0.446834872792 0.041723142891 -0.016856674022
0.447970525528 0.04172339833 -0.01685605958
0.450127359573 0.041723895557 -0.016854863534
0.451260760797 0.041724158236 -0.016854231678
0.453419879492 0.041724670485 -0.016852999497
0.45455096298 0.041724940369 -0.016852350308
0.45671249148 0.041725507264 -0.01685098668
0.457841026503 0.041725815655 -0.016850244867
0.460005246328 0.041726440017 -0.016848743004
0.461130960616 0.041726777878 -0.016847930303
0.463298132494 0.041727460991 -0.016846287119
0.464420763691 0.041727828133 -0.016845403984
0.466591144187 0.041728566294 -0.016843628388
0.467710462533 0.041728948412 -0.016842709228
0.469884249691 0.041729734619 -0.01684081806
0.471000028438 0.041730157998 -0.01683979965
0.473177541374 0.041731028019 -0.016837706871
0.474289408691 0.041731492305 -0.016836590061
0.476471122345 0.041732515764 -0.0168341282
0.477578389964 0.041733094649 -0.01683273573
0.47976516518 0.04173431379 -0.016829803167
0.480866971625 0.041734965453 -0.016828235636
0.482863817086 0.041736213086 -0.016825234537
0.484155223096 0.041737014045 -0.01682318421
0.485255975349 0.04173772376 -0.016821367451
0.487444601166 0.041738280207 -0.016819943032
0.488548884591 0.041738706222 -0.016818852503
0.490733527049 0.04173983432 -0.016815964748
0.491843152425 0.041740553826 -0.016814122927
0.494021099994 0.041742249975 -0.016809781053
0.49513877016 0.041743261037 -0.016807192893
0.496242696374 0.041744797661 -0.01680205569
0.498229306459 0.041746544431 -0.016793523295
0.499623530753 0.041748612998 -0.016788052594
0.50132086746 0.041750112705 -0.016782250599
0.503005839037 0.041752932713 -0.016777071361
0.50441154868 0.041754442276 -0.016773460809
0.505297230158 0.041757928867 -0.016770021707
0.50742599464 0.041759561539 -0.016763487223
0.508935923172 0.041762382504 -0.016756356191
0.510755586929 0.041766530919 -0.01674484425
0.512565772593 0.041772750618 -0.016730427069
0.514095146035 0.04177859018 -0.01671578225
0.515446651929 0.041781473615 -0.01670527154
0.516838601273 0.041786974507 -0.016695554921
0.518447453685 0.041793797459 -0.016677785385
0.52047808577 0.041807059197 -0.016647784973
0.521598726842 0.041811607639 -0.016627323534
0.522752289837 0.041824685432 -0.016603159142
0.52475 0.041842693745 -0.016554552456
0.52475 0.040928285691 -0.016133479645
0.52475 0.040113092541 -0.015754390716
0.52475 0.039335901452 -0.015376784578
0.52475 0.03844122547 -0.014938716049
0.52475 0.037813413686 -0.014618536698
0.52475 0.036808567039 -0.014110713704
0.52475 0.03637471021 -0.013872698498
0.52475 0.035470805155 -0.013375325354
0.52475 0.03496065479 -0.013077403271
0.52475 0.034169835716 -0.012608915261
0.52475 0.03365160505 -0.012284145819
0.52475 0.032937259326 -0.01183182915
0.523556779035 0.03300294856 -0.011651088001
0.521648469481 0.033084355613 -0.011410469568
0.52060624659 0.033124624969 -0.011302927308
0.518922067682 0.033170150886 -0.011159390492
0.51768317852 0.033200906214 -0.011075626538
0.516368240841 0.033222655795 -0.01100192839
0.51476760341 0.033248770337 -0.010929465597
0.51381476552 0.033262178623 -0.01088839435
0.512674972023 0.0332761133 -0.010842626224
0.51091448484 0.033295547588 -0.010780287729
0.508794757524 0.03331868837 -0.010717351033
0.507725797274 0.03332583577 -0.01068975169
0.506385593157 0.033336334851 -0.010655307377
0.504654003692 0.033349051215 -0.01061274303
0.502949918435 0.033361733052 -0.010575124083
0.501564163135 0.033371258161 -0.010546178491
0.499421548761 0.033385532054 -0.010507176946
0.498316547389 0.033390030249 -0.010489244978
0.497062104491 0.033394798312 -0.010471959044
0.495209633486 0.033401531158 -0.010446773492
0.49364243894 0.033408149936 -0.01042641215
0.49210160796 0.033414156147 -0.010406550078
0.490204502022 0.033421215609 -0.01038599326
0.488711582613 0.033425508304 -0.010372359305
0.486826481375 0.033429848243 -0.010358613931
0.485439566415 0.03343301233 -0.010348592693
0.483521971471 0.033437152482 -0.010335480084
0.482166339959 0.033440047018 -0.010326312564
0.480208587775 0.03344390467 -0.010314392206
0.478907350459 0.033446170814 -0.010307454019
0.476896319483 0.033449138329 -0.010298086756
0.475628087918 0.033450935232 -0.010292414649
0.47359708692 0.033453620641 -0.010283937883
0.472347550242 0.033455197722 -0.010278959667
0.470292181577 0.03345748443 -0.010271386841
0.469016221867 0.033458736827 -0.010267161102
0.466987907 0.033460455083 -0.010261720317
0.46573211008 0.033461485996 -0.010258455974
0.463692008007 0.033463069769 -0.010253441025
0.46244738512 0.033464002801 -0.010250486618
0.460393642521 0.033465348522 -0.01024603842
0.459136541849 0.033466053022 -0.010243659233
0.457095873008 0.033467058067 -0.010240471539
0.455849512006 0.033467665189 -0.010238545933
0.453801799119 0.033468628411 -0.010235490887
0.452562286284 0.033469204536 -0.010233663595
0.450510055004 0.033470112816 -0.010230939468
0.449294197718 0.033470581591 -0.010229589584
0.447219292444 0.033471154355 -0.01022777542
0.446005249557 0.033471494404 -0.010226698352
0.443926333248 0.033472074785 -0.010224860061
0.442716328383 0.033472417403 -0.010223774857
0.440635090279 0.033473010216 -0.01022202784
0.439442388426 0.033473308666 -0.010221200475
0.437344592534 0.033473596393 -0.010220290095
0.436152250245 0.033473777851 -0.010219715952
0.434052309275 0.033474124671 -0.010218618598
0.432862352947 0.033474339054 -0.010217940283
0.430758271174 0.033474664786 -0.010216774433
0.429557176029 0.033474795113 -0.010216243956
0.427464519137 0.033474956016 -0.010215734312
0.42626652287 0.033475064346 -0.010215391189
0.424172592204 0.033475279925 -0.010214708368
0.422976096788 0.033475419295 -0.01021426693
0.420880309571 0.033475647087 -0.010213523952
0.41968314869 0.033475739333 -0.010213212791
0.4175884044 0.033475782648 -0.010213075574
0.416392028006 0.033475831911 -0.010212919512
0.414296731621 0.033475959772 -0.010212514457
0.413101259638 0.033476057223 -0.010212205739
0.411004910651 0.033476224935 -0.010211674755
0.409810535017 0.033476285727 -0.010211482449
0.407713455061 0.033476279046 -0.010211503613
0.406519208268 0.033476300671 -0.010211435108
0.404421908846 0.033476382997 -0.010211174305
0.403228252186 0.033476455266 -0.010210945362
0.40113045573 0.03347659036 -0.010210538305
0.399939714368 0.033476637157 -0.01021040875
0.397839372283 0.033476596355 -0.010210537985
0.396648247555 0.03347659926 -0.010210528783
0.394547911876 0.033476650672 -0.010210365943
0.393357163539 0.033476705854 -0.010210191159
0.391254861895 0.033476773581 -0.010209863389
0.390053236905 0.033476772967 -0.010209766686
0.387961991178 0.033476720057 -0.010209934422
0.386761720796 0.033476717029 -0.010209944021
0.38467055683 0.033476759413 -0.010209809656
0.383470606028 0.033476811064 -0.01020964591
0.381383203801 0.033477005841 -0.01020936758
0.380218003179 0.033477123422 -0.010209316425
0.378096488338 0.033477042605 -0.010209571947
0.376926379557 0.033477024356 -0.010209629647
0.374805126152 0.033477040174 -0.010209579635
0.373635145207 0.033477075222 -0.010209468823
0.371511810318 0.033477119856 -0.01020918004
0.370328364406 0.033477111181 -0.010209075349
0.368218672726 0.033477024164 -0.010209350778
0.367036723393 0.033477006728 -0.010209405969
0.364927292592 0.033477032078 -0.010209325729
0.363745543266 0.033477077588 -0.010209181678
0.361646431448 0.033477462793 -0.010208887467
0.36054915937 0.033477795303 -0.010208821792
0.358366057421 0.033477694169 -0.010209139735
0.357257479111 0.033477666327 -0.010209227264
0.355074754084 0.033477658426 -0.010209252102
0.353966140939 0.033477677933 -0.010209190777
0.351783002775 0.03347779339 -0.010208813638
0.350674002538 0.033477855161 -0.010208605438
0.348491622135 0.03347771749 -0.010209038281
0.347382201293 0.03347767665 -0.010209166687
0.345200367262 0.033477654272 -0.010209237045
0.344090823658 0.033477672043 -0.01020918117
0.341908746918 0.033477787204 -0.010208817252
0.340799729561 0.033477848498 -0.010208622715
0.338617487374 0.033477715534 -0.010209040768
0.337507942012 0.033477675633 -0.01020916622
0.335326232481 0.033477652325 -0.010209239503
0.334216557444 0.033477668182 -0.010209189648
0.332034666471 0.033477780873 -0.010208838102
0.330925848182 0.033477842464 -0.010208647192
0.328743458225 0.033477706797 -0.010209073737
0.327634050562 0.03347766543 -0.010209203796
0.325452211374 0.033477639033 -0.010209286789
0.324342654397 0.033477653216 -0.010209242199
0.322160805036 0.033477767726 -0.010208901097
0.321053315447 0.033477832571 -0.010208715992
0.318869761551 0.033477691722 -0.010209158773
0.317761499367 0.033477647705 -0.010209297149
0.315578529226 0.033477615746 -0.010209397617
0.314470082584 0.033477626997 -0.010209362248
0.312288011317 0.033477768407 -0.010209037252
0.311189123324 0.033477861841 -0.010208863777
0.30899787859 0.033477704764 -0.0102093572
0.307897252402 0.033477652653 -0.010209520895
0.305706692979 0.033477602485 -0.010209678486
0.304605768813 0.033477604067 -0.010209673515
0.30240887548 0.033477516248 -0.010209389964
0.301264275642 0.033477405854 -0.010209218874
0.299111143354 0.033477258564 -0.01020968321
0.297972411428 0.033477207955 -0.010209842755
0.295819939232 0.033477165757 -0.010209975785
0.294680951366 0.033477170726 -0.010209960121
0.292531843605 0.033477377715 -0.010209770478
0.291429585776 0.03347754765 -0.010209709132
0.289244202219 0.033477349285 -0.010210332531
0.288137557977 0.033477275811 -0.010210563437
0.285953124659 0.033477184879 -0.010210849206
0.284845923851 0.033477165776 -0.01021090924
0.282649953162 0.033476923123 -0.010210594151
0.281454547987 0.033476792668 -0.010210092198
0.279346955758 0.033476338685 -0.010211521435
0.278161593055 0.033476080814 -0.01021233434
0.27605752901 0.033475624594 -0.010213770746
0.274868625432 0.0334753642 -0.01021459171
0.272777966351 0.033474473577 -0.010216612056
0.271521279539 0.033473843001 -0.010218044829
0.269527000046 0.033473753777 -0.010217631227
0.26822841206 0.033473715701 -0.010217553921
0.26628217041 0.033473441662 -0.010217792923
0.264934612035 0.033473286713 -0.010218153633
0.263099209947 0.033473074838 -0.010217790937
0.261693456115 0.033473405117 -0.010216810959
0.260100914688 0.033472076633 -0.010218534565
0.258244159089 0.033473528203 -0.010220516382
0.257154719089 0.033473466804 -0.010221609666
0.255944385123 0.033472118179 -0.010222772186
0.254301911513 0.033470394291 -0.010224110193
0.253000507944 0.033472793552 -0.010225239032
0.251634619257 0.033469672024 -0.010226420342
0.250092452866 0.033471420828 -0.010226626173
0.249030061707 0.033472412853 -0.010226748052
0.248000370238 0.033471384544 -0.010227187938
0.246475770619 0.033470062904 -0.010227558182
0.245541851372 0.033472164123 -0.010227642172
0.243990657576 0.033469736293 -0.010228121134
0.242899659505 0.033471668867 -0.010228909678
0.241506203416 0.033469041788 -0.010230198334
0.2401989888 0.033471078243 -0.010231172163
0.239551446848 0.033469119178 -0.010232489408
0.238576211382 0.033469470558 -0.010234283602
0.237502476928 0.033468784697 -0.010236383381
0.236345675387 0.033468053391 -0.010239021076
0.235335837542 0.033467213971 -0.010241700649
0.234117099855 0.033466199466 -0.010245332764
0.233407565706 0.033465570255 -0.010247356294
0.232547176665 0.033464752575 -0.010249642063
0.231543805793 0.033464528953 -0.010252857073
0.231020519102 0.033463440244 -0.010254807869
0.230212005196 0.033462466288 -0.010258266466
0.22949505764 0.033461652621 -0.010261698241
0.228853322875 0.033460447906 -0.010265173834
0.227981435934 0.033459232088 -0.01026992508
0.22727075018 0.033457355864 -0.010276279424
0.226863397459 0.03345501272 -0.01028198744
0.226471252673 0.033453422489 -0.010289152965
0.225745358984 0.033448197691 -0.010306161113
0.225036903943 0.033441489396 -0.010327742137
0.225 0.033441050118 -0.010328931528
