0.52475 -0.020204151466 -0.040205704906
0.52475 -0.020009016267 -0.038946349573
0.52475 -0.019908129909 -0.038266277652
0.52475 -0.019783621585 -0.037164123376
0.52475 -0.019696329381 -0.036276097386
0.52475 -0.019623783924 -0.035290768539
0.52475 -0.019557225294 -0.034250846412
0.52475 -0.01955571008 -0.033643965702
0.52475 -0.019587220143 -0.03259222068
0.52475 -0.019640663249 -0.031891644901
0.52475 -0.01972056259 -0.03072954132
0.52475 -0.019809033336 -0.029648103242
0.52475 -0.01987373789 -0.028806788847
