0.52366327518 -0.020458837361 -0.02839708382
0.522100587267 -0.021143850105 -0.027887056891
0.520613615239 -0.02166477843 -0.02748797062
0.519451174534 -0.021993743115 -0.027226086897
0.518154570657 -0.022283238784 -0.026989014644
0.51677479578 -0.022535870515 -0.026777828154
0.515722173309 -0.022683505552 -0.026653392252
0.514623746635 -0.022825687003 -0.0265317637
0.512953080525 -0.023020047686 -0.026364286088
0.512106107036 -0.023105800705 -0.026286174659
0.511155245831 -0.023201384278 -0.026204329114
0.509568709699 -0.023340731264 -0.026079824647
0.508495692775 -0.023426654489 -0.026003551045
0.507427126385 -0.023505472857 -0.025931406025
0.505562235076 -0.02363021755 -0.025815178688
0.504199681609 -0.023716423859 -0.025736650507
0.502635679131 -0.023799438447 -0.025658433215
0.501343969773 -0.023862500792 -0.02560026329
0.500125465408 -0.023918930638 -0.02554945639
0.498626018813 -0.023985252436 -0.025485555777
0.497582526568 -0.024032681647 -0.025444384381
0.495617367137 -0.024098421097 -0.02537850843
0.493344748039 -0.024165844092 -0.025316239816
0.491625769822 -0.024211759636 -0.025273459467
0.490144148103 -0.024246445509 -0.025239327868
0.488139528644 -0.024294053984 -0.02519241825
0.486766297323 -0.024324066697 -0.025163474149
0.4849081662 -0.024359030135 -0.025128627599
0.48339079277 -0.024384502449 -0.02510448581
0.481530936817 -0.024411114101 -0.025078651567
0.48003504964 -0.024431535793 -0.025059112126
0.47817425316 -0.024459083561 -0.025031694749
0.476600751304 -0.024480789776 -0.025010708429
0.474841077262 -0.024502075384 -0.024989400421
0.473207706918 -0.024517207348 -0.024974930096
0.471510341641 -0.024529476002 -0.024962876909
0.469912421307 -0.024541341518 -0.024951293361
0.468186803964 -0.024556906092 -0.024935931997
0.466614666263 -0.024569833786 -0.024923273457
0.46486884507 -0.024582795389 -0.024910441715
0.463325142493 -0.024590374616 -0.024903051499
0.461568479227 -0.024596714317 -0.024896852806
0.460060007187 -0.024602541366 -0.024891134908
0.458266491344 -0.024613183872 -0.024880680912
0.456793055086 -0.024621021843 -0.024872979258
0.454963671248 -0.024629931343 -0.024864228861
0.453517999326 -0.024633410341 -0.024860809149
0.451668005964 -0.024636090228 -0.024858175463
0.450232985517 -0.024638607165 -0.024855702437
0.448369463176 -0.024646304 -0.024848139014
0.446957526439 -0.024651478096 -0.02484305501
0.445070003673 -0.024657820456 -0.024836822355
0.443660624841 -0.024659108133 -0.024835497797
0.441768179235 -0.024659299229 -0.02483515999
0.440330320406 -0.024660066793 -0.024834351
0.438469004206 -0.024665671999 -0.024828837213
0.437051276736 -0.024669408909 -0.02482515975
0.435171968214 -0.024673984078 -0.024820659962
0.43376371072 -0.024674157434 -0.024820478374
0.431879659364 -0.024673018839 -0.024821572296
0.430464409242 -0.024672770951 -0.024821799227
0.428585971425 -0.024677261977 -0.024817407027
0.427190242499 -0.024680130632 -0.024814588125
0.425291927291 -0.024683770573 -0.024811035948
0.423925569221 -0.024683304261 -0.024811565504
0.422013562448 -0.024681476256 -0.024813562051
0.420679462099 -0.024680591293 -0.024814513074
0.418724974041 -0.024684608428 -0.024810590779
0.417401626477 -0.024686940389 -0.024808307319
0.415431039154 -0.024690157715 -0.0248051717
0.414116868191 -0.024689141585 -0.024806166632
0.412142387458 -0.024686516569 -0.024808745086
0.410820591955 -0.024685178987 -0.024810061447
0.408848793626 -0.024688754782 -0.024806532913
0.407531842773 -0.024690798122 -0.024804521494
0.405552987558 -0.024693620137 -0.024801732371
0.404223450935 -0.024692278786 -0.024802968192
0.402254362319 -0.024689172131 -0.024805832228
0.400881711733 -0.024687639135 -0.024807272153
0.398956817797 -0.024690791244 -0.024804138291
0.397587839832 -0.02469269178 -0.024802261373
0.39566032577 -0.024695163896 -0.024799795646
0.394290407987 -0.024693826682 -0.024801110525
0.392370820255 -0.024690798662 -0.024804072398
0.390990666404 -0.024689223716 -0.024805599324
0.389081260805 -0.024692271914 -0.024802677253
0.387725810815 -0.024694055656 -0.024800939953
0.385791764611 -0.024696491811 -0.024798625969
0.384472900987 -0.024695172674 -0.024800030058
0.382519131708 -0.024692248047 -0.024803199279
0.381242506878 -0.0246906216 -0.024804925757
0.379233572159 -0.024693843693 -0.024801805517
0.37796612398 -0.024695574029 -0.024800122873
0.375941269897 -0.024698144937 -0.024797642933
0.374680040977 -0.024696603523 -0.024799138249
0.372652219305 -0.024693197119 -0.024802451686
0.371377379923 -0.024691362696 -0.024804233828
0.36936106223 -0.024694511188 -0.024801192982
0.368101991867 -0.024696190077 -0.024799563961
0.366069098456 -0.024698721128 -0.024797130435
0.364833472566 -0.024697259652 -0.024798654678
0.362791197548 -0.0246939923 -0.024802067354
0.361579694879 -0.024692161747 -0.02480395111
0.359506510576 -0.024695481964 -0.024800837259
0.358321169165 -0.024697135495 -0.024799279016
0.356218400145 -0.024699865277 -0.024796750986
0.355050653178 -0.024698252559 -0.02479833394
0.352931978208 -0.024694650571 -0.02480187813
0.351760429724 -0.024692626964 -0.024803838591
0.349660754533 -0.024696559215 -0.024800759057
0.348605524873 -0.024697619285 -0.024799355962
0.347485590562 -0.024698656172 -0.024797953012
0.345402381269 -0.024697676622 -0.024798570387
0.344205911648 -0.024695706222 -0.024800567006
0.34210540463 -0.02469175446 -0.024804569985
0.340914611418 -0.024693510279 -0.024802848496
0.338797603276 -0.024696819163 -0.024799615852
0.337614333923 -0.02469849955 -0.024797964954
0.335485595065 -0.024698144513 -0.024798447188
0.334319791769 -0.024696255206 -0.024800419436
0.332166913963 -0.024692323398 -0.024804534251
0.331028146522 -0.024693967568 -0.024802815737
0.328895766112 -0.024696945178 -0.024799699331
0.327736899096 -0.024698419361 -0.024798161338
0.325617754708 -0.024697791846 -0.02479873544
0.324449479473 -0.02469578611 -0.024800756345
0.322325832679 -0.024691668944 -0.024804900657
0.321150519868 -0.024693729623 -0.024803180693
0.319788622619 -0.024696251294 -0.024801101269
0.317825194161 -0.024698374077 -0.024798352724
0.316627575188 -0.024699533496 -0.024796898668
0.314527211372 -0.024696162284 -0.024800309212
0.313351178585 -0.024693988652 -0.024802483502
0.311251323782 -0.024694019875 -0.024802898377
0.31016612982 -0.02469585767 -0.024801467189
0.309076612095 -0.024696790543 -0.024800100217
0.307020067746 -0.024698230469 -0.0247978493
0.30580458398 -0.024696305431 -0.024799806309
0.303717232303 -0.024692484633 -0.024803692972
0.302514782129 -0.024690096061 -0.024806120535
0.300419994724 -0.024693273065 -0.0248029101
0.299213556403 -0.024694942085 -0.024801222062
0.297125444028 -0.024697369798 -0.024798771381
0.295915733153 -0.024695332359 -0.024800819749
0.293827457616 -0.024691296754 -0.024804867859
0.292623217969 -0.024688794721 -0.024807386419
0.290531526836 -0.024691565998 -0.024804513124
0.289311434565 -0.024692980793 -0.024803053678
0.2872359419 -0.024694791452 -0.024801156809
0.286000466266 -0.024692405534 -0.024803614192
0.283896996186 -0.024687880495 -0.02480830296
0.282689954392 -0.024685116332 -0.024811150079
0.280573597581 -0.024688488831 -0.024807594005
0.279346237455 -0.024690383692 -0.024805619303
0.277258888057 -0.024693279401 -0.024802555453
0.2760105412 -0.024692145355 -0.024803785146
0.27389923249 -0.024690234398 -0.024805935837
0.272687450208 -0.024689128316 -0.024807151156
0.270516646301 -0.02468883034 -0.024807187258
0.269254656838 -0.024689302988 -0.024806604115
0.267124021933 -0.024690770247 -0.024804867775
0.26587473023 -0.024689123614 -0.024807053221
0.264197420491 -0.024687517831 -0.024809783371
0.262583876273 -0.024683980546 -0.024812183991
0.261241665505 -0.024683289213 -0.024813035055
0.25879851094 -0.024681422219 -0.024815266938
0.257503553391 -0.024680044097 -0.024816808904
0.255261121546 -0.024672998182 -0.024820639075
0.253809346313 -0.024669146967 -0.024824000224
0.252227722118 -0.024664407843 -0.024827792443
0.251102974146 -0.024666596338 -0.024829012661
0.249562231257 -0.024665131069 -0.024831095609
0.24790954803 -0.024662008703 -0.024834143611
0.246898233949 -0.024655305493 -0.0248362736
0.245634602485 -0.024656430006 -0.024839564503
0.244014338851 -0.024650195198 -0.024843983083
0.242780163104 -0.024648795453 -0.024847313178
0.241743802398 -0.024644019587 -0.024850411968
0.240442539692 -0.024641571241 -0.02485483505
0.239418213062 -0.024635028379 -0.024858631121
0.238599693698 -0.024634756528 -0.024861939196
0.237092612137 -0.024627379063 -0.024868526943
0.235916968815 -0.024621859576 -0.024874298805
0.235109481269 -0.024614990706 -0.024878587749
0.234244232407 -0.024612432598 -0.024883595856
0.233126336213 -0.024604029289 -0.024890568488
0.232078663399 -0.024597932395 -0.0248977138
0.231133079446 -0.02458930286 -0.024904744081
0.230198875098 -0.024581657105 -0.02491396565
0.229101697826 -0.024562692588 -0.024931719942
0.227886980516 -0.024534403136 -0.024960686138
0.227050848913 -0.024506989295 -0.024985161072
0.226338704108 -0.024484517824 -0.025010026232
