0.225 -0.034212644696 0.00738097575
0.225 -0.034698199018 0.00759317416
0.225 -0.035107290981 0.007776441603
0.225 -0.03550627673 0.007956633563
0.225 -0.036009806686 0.008189838416
0.225 -0.036516684238 0.008425240625
0.225 -0.036916898114 0.008614600552
0.225 -0.037353306488 0.008822814345
0.225 -0.037959762862 0.009116059521
0.225 -0.03847532851 0.00936900549
0.225 -0.038977790828 0.009620890726
0.225 -0.03952651095 0.009897832131
0.225 -0.03983375583 0.010053492516
0.225 -0.040542251792 0.01042347849
0.225 -0.041038062137 0.010683924157
0.225 -0.041661601415 0.011014308911
0.225 -0.042235139648 0.011327070004
0.225 -0.042639160476 0.011548747984
0.225 -0.043379563201 0.011965123714
