0.225525623747 -0.041761258848 -0.01676077474
0.22631551635 -0.041754613502 -0.016778441571
0.227233072928 -0.041747706066 -0.01679504541
0.228323621216 -0.041742637965 -0.016809025676
0.228965381723 -0.041739146475 -0.016814638863
0.229608431748 -0.041739009822 -0.01681802437
0.230753844958 -0.041737110303 -0.01682234013
0.231670710629 -0.041735259984 -0.016826179461
0.232659250986 -0.041734245334 -0.016829808521
0.233606280339 -0.041732594141 -0.016832774257
0.234564293559 -0.041732094796 -0.016835278427
0.235544710497 -0.04173077367 -0.016837313018
0.236621127134 -0.041729641481 -0.016840484999
0.237699942852 -0.041728252413 -0.016842218832
0.238817524381 -0.041728128261 -0.016843475434
0.239754630837 -0.041727646078 -0.016844179928
0.241013100445 -0.041726851936 -0.016844578291
0.241810784173 -0.041728042992 -0.016844460043
0.243318712602 -0.041726246448 -0.016845072434
0.244204802616 -0.04172784235 -0.016845812178
0.245785274484 -0.041724923568 -0.016847437449
0.24652880291 -0.04172686244 -0.016848254233
0.247990014259 -0.041724490689 -0.016849398821
0.248846553953 -0.041725785056 -0.01684963526
0.25044343084 -0.041723785216 -0.016852344645
0.251698880149 -0.041723273798 -0.016855146616
0.253394384835 -0.041722017549 -0.016857819578
0.254748242197 -0.04172155172 -0.016859046973
0.256344241408 -0.041721961155 -0.016859411233
0.257803953219 -0.041721609325 -0.016858801596
0.259140100926 -0.041720421275 -0.016859671655
0.260598537845 -0.041720287683 -0.016859989214
0.262388726427 -0.041719944642 -0.016861052404
0.263814146202 -0.041719457348 -0.016862256486
0.265636095345 -0.041718649874 -0.016864474592
0.267031332723 -0.041717822958 -0.016866525956
0.268900672268 -0.041717355032 -0.016867626004
0.270257195316 -0.041717336098 -0.016867857079
0.272262429142 -0.041717512349 -0.016868210912
0.273543595828 -0.041717498891 -0.016868536856
0.275623996643 -0.041717633902 -0.016869098852
0.276830151574 -0.041717631617 -0.016869504849
0.278966266951 -0.041717515076 -0.016870189166
0.280120197194 -0.041717370765 -0.016870538937
0.282257252781 -0.041717124739 -0.016871136474
0.283411960875 -0.041716990646 -0.016871461655
0.285548282632 -0.041716763958 -0.016872012657
0.286703680481 -0.041716640132 -0.016872313128
0.288839468615 -0.041716548269 -0.016872536948
0.289995186655 -0.041716513033 -0.016872621706
0.292130699851 -0.041716457456 -0.016872755392
0.293286692328 -0.041716419478 -0.016872846745
0.295421919585 -0.041716358916 -0.016872992423
0.296578209515 -0.041716318188 -0.016873090391
0.298713154735 -0.041716270733 -0.016873204542
0.299869744091 -0.041716205217 -0.016873362137
0.302004264871 -0.041716098565 -0.016873618681
0.303161364233 -0.041716034761 -0.016873772155
0.305295382542 -0.041715931458 -0.016874020644
0.306452976829 -0.041715869376 -0.01687416998
0.308586630195 -0.041715851675 -0.016874212559
0.309744401511 -0.04171583023 -0.016874264141
0.311877912298 -0.041715795035 -0.016874348802
0.313035866085 -0.041715764287 -0.016874422764
0.315169155097 -0.04171571199 -0.016874548561
0.316327370009 -0.041715671907 -0.016874644977
0.318460475936 -0.041715681373 -0.016874622208
0.319618736784 -0.041715671664 -0.016874645561
0.321751807591 -0.041715658022 -0.016874678378
0.322910151684 -0.041715639091 -0.016874723914
0.325043100259 -0.041715608478 -0.016874797551
0.326201605613 -0.041715580298 -0.016874865337
0.328334468915 -0.041715609985 -0.016874793927
0.329492927353 -0.04171561031 -0.016874793145
0.331625843407 -0.041715615412 -0.016874780872
0.332784298968 -0.041715606816 -0.016874801549
0.334917180162 -0.041715595487 -0.0168748288
0.336075708356 -0.041715577946 -0.016874870995
0.338208591665 -0.041715625778 -0.016874755937
0.33936698971 -0.041715635089 -0.01687473354
0.341500004015 -0.041715656638 -0.016874681706
0.342658323465 -0.04171565703 -0.016874680763
0.344791378612 -0.041715662136 -0.016874668481
0.345949695005 -0.041715653586 -0.016874689047
0.348082817347 -0.041715710721 -0.016874551613
0.349240968685 -0.041715715885 -0.016874539192
0.351374188372 -0.041715713819 -0.016874544162
0.352532368484 -0.041715693456 -0.016874593142
0.354665451384 -0.041715644353 -0.016874711257
0.355823876404 -0.041715598392 -0.016874821813
0.357956863361 -0.041715674963 -0.016874637627
0.359115018172 -0.04171574931 -0.01687445879
0.36124852185 -0.04171587118 -0.016874165641
0.362406133176 -0.041715918208 -0.016874052518
0.364540064677 -0.041715989695 -0.016873880561
0.365697363883 -0.041716009376 -0.016873833219
0.367831593963 -0.041716099112 -0.016873617364
0.368988544708 -0.041716134055 -0.016873533312
0.371123099026 -0.041716192257 -0.01687339331
0.372279797713 -0.041716210243 -0.016873350046
0.374414532218 -0.041716237119 -0.016873285398
0.375571122628 -0.041716238122 -0.016873282984
0.37770606601 -0.041716349564 -0.016873014919
0.378862211177 -0.041716424792 -0.016872833962
0.380997740412 -0.041716556471 -0.016872517217
0.382153295412 -0.041716614361 -0.016872377966
0.384289341308 -0.041716713997 -0.016872138299
0.385444453166 -0.041716754539 -0.016872040777
0.387580964991 -0.04171688683 -0.01687172256
0.38873552744 -0.041716950799 -0.016871568687
0.390872600332 -0.041717067496 -0.01687128798
0.392026641119 -0.041717120588 -0.016871160272
0.394164189493 -0.041717217139 -0.016870928025
0.395317800986 -0.041717259346 -0.016870826498
0.397455847827 -0.041717413252 -0.016870456289
0.398608814426 -0.041717496475 -0.0168702561
0.400747565289 -0.041717649086 -0.016869889004
0.401899845875 -0.041717721505 -0.016869714806
0.404039236858 -0.04171785409 -0.016869395881
0.405190923221 -0.041717915701 -0.016869247679
0.407330972164 -0.041718101913 -0.016868799759
0.408481862334 -0.041718202763 -0.016868557171
0.410622769705 -0.041718391546 -0.016868103068
0.411772808308 -0.041718485216 -0.01686787775
0.413914536794 -0.04171866072 -0.016867455587
0.41506378473 -0.041718747213 -0.016867247533
0.417206377082 -0.04171897907 -0.016866689818
0.418354617099 -0.041719105986 -0.016866384529
0.420498293127 -0.041719348314 -0.016865801626
0.421645437174 -0.041719473018 -0.016865501658
0.423790200025 -0.041719711412 -0.016864928217
0.424936266393 -0.041719833906 -0.016864633565
0.427082167001 -0.041720114871 -0.016863957722
0.42822700374 -0.041720256515 -0.016863617008
0.430374142818 -0.041720524269 -0.016862972943
0.431517768278 -0.041720660857 -0.016862644391
0.433666097365 -0.041720919379 -0.016862022533
0.434808554075 -0.041721050917 -0.016861706128
0.436958169304 -0.041721393352 -0.016860882422
0.43809911441 -0.041721592442 -0.016860403524
0.440250389804 -0.04172196713 -0.016859502238
0.441389637624 -0.041722158906 -0.016859040933
0.443542579773 -0.041722520396 -0.016858171393
0.444680191342 -0.041722704877 -0.016857727636
0.446834872792 -0.041723142891 -0.016856674022
0.447970525528 -0.04172339833 -0.01685605958
0.450127359573 -0.041723895557 -0.016854863534
0.451260760797 -0.041724158236 -0.016854231678
0.453419879492 -0.041724670485 -0.016852999497
0.45455096298 -0.041724940369 -0.016852350308
0.45671249148 -0.041725507264 -0.01685098668
0.457841026503 -0.041725815655 -0.016850244867
0.460005246328 -0.041726440017 -0.016848743004
0.461130960616 -0.041726777878 -0.016847930303
0.463298132494 -0.041727460991 -0.016846287119
0.464420763691 -0.041727828133 -0.016845403984
0.466591144187 -0.041728566294 -0.016843628388
0.467710462533 -0.041728948412 -0.016842709228
0.469884249691 -0.041729734619 -0.01684081806
0.471000028438 -0.041730157998 -0.01683979965
0.473177541374 -0.041731028019 -0.016837706871
0.474289408691 -0.041731492305 -0.016836590061
0.476471122345 -0.041732515764 -0.0168341282
0.477578389964 -0.041733094649 -0.01683273573
0.47976516518 -0.04173431379 -0.016829803167
0.480866971625 -0.041734965453 -0.016828235636
0.482863817086 -0.041736213086 -0.016825234537
0.484155223096 -0.041737014045 -0.01682318421
0.485255975349 -0.04173772376 -0.016821367451
0.487444601166 -0.041738280207 -0.016819943032
0.488548884591 -0.041738706222 -0.016818852503
0.490733527049 -0.04173983432 -0.016815964748
0.491843152425 -0.041740553826 -0.016814122927
0.494021099994 -0.041742249975 -0.016809781053
0.49513877016 -0.041743261037 -0.016807192893
0.496242696374 -0.041744797661 -0.01680205569
0.498229306459 -0.041746544431 -0.016793523295
0.499623530753 -0.041748612998 -0.016788052594
0.50132086746 -0.041750112705 -0.016782250599
0.503005839037 -0.041752932713 -0.016777071361
0.50441154868 -0.041754442276 -0.016773460809
0.505297230158 -0.041757928867 -0.016770021707
0.50742599464 -0.041759561539 -0.016763487223
0.508935923172 -0.041762382504 -0.016756356191
0.510755586929 -0.041766530919 -0.01674484425
0.512565772593 -0.041772750618 -0.016730427069
0.514095146035 -0.04177859018 -0.01671578225
0.515446651929 -0.041781473615 -0.01670527154
0.516838601273 -0.041786974507 -0.016695554921
0.518447453685 -0.041793797459 -0.016677785385
0.52047808577 -0.041807059197 -0.016647784973
0.521598726842 -0.041811607639 -0.016627323534
0.522752289837 -0.041824685432 -0.016603159142
