0.22501232959 -0.044936591872 -0.002386950465
0.225203019688 -0.044936472469 -0.00238928777
0.225406972332 -0.044936398171 -0.00239138467
0.225565024097 -0.044936302466 -0.002392728021
0.225712635784 -0.044936287635 -0.002393714832
0.225926501699 -0.044936225158 -0.002394774121
0.226112140104 -0.044936164713 -0.00239531599
0.226321308022 -0.044936131551 -0.002395840282
0.226553864388 -0.044936115196 -0.002396356279
0.226732889882 -0.044936098602 -0.002396715645
0.22694243012 -0.044936103962 -0.00239709643
0.227196100908 -0.044936013472 -0.002397519686
0.227475878193 -0.044936044587 -0.002397906619
0.22762978944 -0.044936029064 -0.002398109059
0.2278167437 -0.044935998226 -0.002398341922
0.228038650331 -0.044935965478 -0.002398608262
0.228243921526 -0.044936013425 -0.002398837214
0.228447478917 -0.044935942013 -0.002399053846
0.228678841624 -0.044935928196 -0.002399285002
0.228865562985 -0.044935945939 -0.002399462813
0.229073201679 -0.044935939691 -0.002399650058
0.229317344818 -0.044935943319 -0.00239985788
0.229467557478 -0.044935855524 -0.002399978036
0.229676696341 -0.044935928193 -0.002400136642
0.229946233029 -0.044935880121 -0.00240030956
0.2303130099 -0.044935882343 -0.002400539686
0.230593559843 -0.044935868675 -0.002400722195
0.230949982531 -0.044935856548 -0.002400957381
0.231240889531 -0.044935857101 -0.00240115634
0.23160863457 -0.044935826414 -0.002401383213
0.231985513711 -0.044935627972 -0.002401571258
0.232404468596 -0.044935832381 -0.00240174885
0.232887851098 -0.044935514315 -0.002401899905
0.233297110517 -0.044935812431 -0.002402002915
0.233738184183 -0.044935500785 -0.002402095784
0.234189469927 -0.044935803972 -0.002402163372
0.234711259909 -0.04493568039 -0.002402226962
0.235169996664 -0.044935679726 -0.002402240096
0.235963127645 -0.044935244177 -0.002402461318
0.236431151622 -0.044935687601 -0.002402581153
0.23723507503 -0.044935201186 -0.002402826877
0.237692283469 -0.044935697349 -0.002402954883
0.238653332779 -0.044935069339 -0.002403279274
0.239439963319 -0.044935056361 -0.002403528426
0.240364171561 -0.044935040056 -0.002403841437
0.241386164451 -0.044935145413 -0.002403941664
0.242144612749 -0.044935434446 -0.002403910336
0.242998394063 -0.044935005879 -0.002403791874
0.244138751102 -0.04493439656 -0.002403948599
0.245401729589 -0.044934382739 -0.002404201248
0.246540214293 -0.044934372501 -0.002404388397
0.247802779366 -0.044934366979 -0.002404489342
0.24899402352 -0.044934534743 -0.002404368441
0.249848685596 -0.044935709427 -0.002403976068
0.2516804352 -0.044934627409 -0.002403019183
0.252865216968 -0.044934637558 -0.002402804169
0.254717840651 -0.044934628077 -0.002403005028
0.255902249765 -0.044934606766 -0.00240345654
0.257731173099 -0.044933810223 -0.002404862055
0.259090216078 -0.04493366604 -0.002406261345
0.260774977608 -0.044933135915 -0.002406070688
0.26233270228 -0.044933177235 -0.002405280779
0.2640108412 -0.044933197469 -0.002404893964
0.265569402662 -0.044933191875 -0.0024050009
0.267247043827 -0.044933085166 -0.002405118216
0.268844110403 -0.044933215478 -0.00240394006
0.270498852966 -0.044933146159 -0.002403482182
0.272134897936 -0.044933129008 -0.002403804209
0.273789650498 -0.044933097698 -0.002404392074
0.275424397666 -0.044933056976 -0.002405156677
0.277081041554 -0.044932999149 -0.002406230993
0.278713212811 -0.044932875763 -0.002408557145
0.280373659541 -0.044932837353 -0.002409266772
0.282004260326 -0.044932851197 -0.002409006885
0.283664686367 -0.044932868879 -0.002408674923
0.285295997464 -0.044932885613 -0.00240836077
0.286955864654 -0.044932886344 -0.002408347047
0.28858694694 -0.044932846906 -0.002409087429
0.290247712887 -0.044932841614 -0.002409186783
0.291878377563 -0.044932852867 -0.002408975521
0.293538816621 -0.044932866 -0.002408728972
0.295170006748 -0.044932877262 -0.002408517552
0.296830092208 -0.044932874432 -0.002408570676
0.298460917903 -0.044932834998 -0.002409310999
0.300121940864 -0.044932829663 -0.00240941115
0.301752356319 -0.044932841682 -0.00240918551
0.303413025889 -0.044932855786 -0.002408920732
0.305044005952 -0.044932867975 -0.002408691903
0.306704279363 -0.044932866271 -0.002408723895
0.308334939621 -0.044932827801 -0.002409446109
0.309996108928 -0.044932823274 -0.002409531097
0.311626393823 -0.044932835951 -0.002409293109
0.313287179431 -0.044932850745 -0.002409015369
0.314918057146 -0.044932863514 -0.002408775642
0.316578419837 -0.044932862443 -0.002408795756
0.318209002927 -0.044932824465 -0.00240950874
0.319870239527 -0.044932820363 -0.002409585749
0.32150046557 -0.044932833398 -0.002409341028
0.323161301825 -0.044932848595 -0.002409055721
0.32479213696 -0.044932861711 -0.002408809501
0.326452533994 -0.044932861058 -0.002408821753
0.328083091575 -0.044932823481 -0.002409527203
0.329744345716 -0.044932819718 -0.002409597856
0.331374560756 -0.044932833022 -0.002409348097
0.33303540178 -0.044932848529 -0.002409056964
0.334666238371 -0.044932861912 -0.00240880572
0.336326627894 -0.044932861554 -0.002408812443
0.337957198317 -0.044932824178 -0.002409514131
0.339618434166 -0.04493282072 -0.002409579048
0.341248673879 -0.04493283431 -0.002409323903
0.342909483728 -0.044932850135 -0.002409026824
0.344540357882 -0.044932863794 -0.002408770393
0.346200703438 -0.044932863754 -0.002408771141
0.347831326883 -0.0449328269 -0.002409463023
0.34949250053 -0.044932823772 -0.002409521748
0.351122806981 -0.044932837454 -0.00240926489
0.35278354789 -0.044932853391 -0.002408965685
0.354414493409 -0.044932867162 -0.002408707153
0.356074764732 -0.044932867277 -0.002408705005
0.35770547479 -0.044932831418 -0.002409378206
0.359366539819 -0.044932829338 -0.002409417259
0.360996974658 -0.044932843807 -0.002409145617
0.362657569341 -0.044932860613 -0.002408830108
0.364288678263 -0.04493287511 -0.002408557943
0.365948770324 -0.044932875971 -0.002408541787
0.367579641756 -0.044932837705 -0.002409260173
0.369240587592 -0.044932834116 -0.002409327558
0.370871122101 -0.044932848282 -0.002409061608
0.372531624313 -0.044932864723 -0.002408752954
0.374162817889 -0.044932878859 -0.002408487559
0.375822832922 -0.044932879372 -0.002408477924
0.377453803611 -0.044932843518 -0.002409151047
0.379114608141 -0.044932841421 -0.002409190408
0.380745302738 -0.044932855838 -0.002408919748
0.382405638916 -0.04493287258 -0.002408605442
0.384037004583 -0.044932886978 -0.002408335144
0.385696841679 -0.044932887773 -0.002408320223
0.387327988057 -0.044932851428 -0.002409002549
0.388988623217 -0.044932849235 -0.002409043721
0.390619488039 -0.044932863827 -0.00240876976
0.392279649453 -0.044932880815 -0.002408450842
0.393911194691 -0.044932895413 -0.002408176777
0.395570846845 -0.044932896506 -0.002408156263
0.397202184717 -0.044932860471 -0.002408832763
0.398862619855 -0.04493285876 -0.002408864899
0.400493694803 -0.044932873809 -0.002408582365
0.402153635324 -0.04493289134 -0.002408253256
0.403785412642 -0.044932906434 -0.002407969884
0.40544482106 -0.044932908113 -0.002407938362
0.407076415008 -0.044932872637 -0.002408604365
0.408736581393 -0.044932871543 -0.002408624903
0.410367937334 -0.044932887112 -0.002408332634
0.412027584881 -0.044932905236 -0.002407992378
0.413659667435 -0.044932920874 -0.002407698782
0.41531875751 -0.044932923226 -0.002407654641
0.41695068588 -0.044932888571 -0.002408305238
0.418610501003 -0.04493288822 -0.002408311833
0.420242220958 -0.044932904229 -0.002408011283
0.42190149471 -0.04493292282 -0.002407662261
0.423533960134 -0.044932938834 -0.002407361616
0.425192658223 -0.044932941656 -0.002407308635
0.426824998113 -0.044932908344 -0.002407934028
0.428484371152 -0.044932909487 -0.002407912559
0.430116562 -0.044932926676 -0.002407589862
0.431775337031 -0.044932946671 -0.002407214487
0.433408329891 -0.044932963947 -0.002406890148
0.435066471187 -0.044932968233 -0.002406809697
0.436699368887 -0.044932933551 -0.002407460788
0.438358203111 -0.044932934301 -0.002407446726
0.439990934417 -0.044932952036 -0.002407113758
0.441649156043 -0.044932972686 -0.002406726091
0.443282715172 -0.044932990502 -0.002406391626
0.444940277014 -0.044932995472 -0.002406298322
0.446573794965 -0.044932963893 -0.002406891163
0.448231946764 -0.044932967312 -0.00240682699
0.449865405148 -0.044932986524 -0.002406466309
0.451522864892 -0.044933008928 -0.002406045695
0.453157222707 -0.044933028406 -0.002405680032
0.454813945518 -0.044933035459 -0.002405547611
0.456448342136 -0.044933005477 -0.00240611049
0.45810557812 -0.044933010748 -0.002406011536
0.459739991083 -0.044933031706 -0.002405618077
0.461396453563 -0.044933056327 -0.00240515585
0.463031855037 -0.044933077895 -0.002404750941
0.464687484977 -0.044933087427 -0.002404571995
0.466323023656 -0.044933059533 -0.002405095667
0.467979054549 -0.044933068566 -0.00240492607
0.469614749929 -0.04493309294 -0.002404468487
0.471269857428 -0.044933120882 -0.002403943914
0.472906675646 -0.044933144863 -0.002403493707
0.47456083784 -0.044933156717 -0.002403271172
0.476197892186 -0.04493313095 -0.002403754914
0.477852336112 -0.044933144476 -0.002403500981
0.479489701879 -0.044933172101 -0.002402982346
0.481143073759 -0.044933202847 -0.002402405137
0.482781668023 -0.044933227777 -0.002401937108
0.484434003627 -0.044933243374 -0.002401644303
0.486073011159 -0.044933225616 -0.002401977679
0.487725088096 -0.044933269548 -0.002401152917
0.489365480532 -0.044933328009 -0.002400055389
0.491015276206 -0.044933378936 -0.002399099313
0.492657712814 -0.044933408392 -0.002398546312
0.494306053093 -0.044933433665 -0.002398071857
0.495950011604 -0.044933494949 -0.002396921323
0.497595961941 -0.044933568978 -0.002395531542
0.499242724417 -0.044933619942 -0.002394574755
0.500886477068 -0.044933648007 -0.00239404788
0.502534362259 -0.04493364514 -0.002394101698
0.504182587096 -0.044934110232 -0.002394115266
0.505644208614 -0.044934053344 -0.002392999474
0.50749141153 -0.044934764789 -0.002391447914
0.508869174767 -0.04493480011 -0.002390718602
0.510781683278 -0.044934855671 -0.002389571403
0.512161869118 -0.04493489495 -0.002388760373
0.513976279616 -0.044935948831 -0.002386970767
0.514899485402 -0.044936323714 -0.002385653748
0.515911842625 -0.044935696011 -0.002384235898
0.517853050483 -0.044935939349 -0.002379996211
0.519200114499 -0.044936103872 -0.002377129704
0.521151116705 -0.044936303375 -0.002373653766
0.522419405131 -0.044935741632 -0.002371347704
0.52343719782 -0.044936204357 -0.002368911752
