0.225 -0.024430719883 0.025061867362
0.225 -0.024416176021 0.026309982704
0.225 -0.024346730844 0.02732452983
0.225 -0.024245891413 0.028235545966
0.225 -0.024142865967 0.028936692635
0.225 -0.023930842038 0.030169460985
0.225 -0.023696855519 0.031230977657
0.225 -0.023483975561 0.032073365511
0.225 -0.023205148907 0.033010222345
0.225 -0.022920181682 0.033854179485
0.225 -0.022678313069 0.034493211605
0.225 -0.022303755859 0.035430661417
0.225 -0.022074653674 0.035947709929
0.225 -0.021600111048 0.036929965053
0.225 -0.021246456525 0.037574178175
0.225 -0.020775803875 0.038390582293
0.225 -0.020327190616 0.039116658867
0.225 -0.019875076214 0.039798892317
0.225 -0.019243216208 0.040677689194
