0.225 -0.033441050118 -0.010328931528
0.225 -0.033783023965 -0.010552346717
0.225 -0.034364636371 -0.010942748974
0.225 -0.034842325801 -0.011269479814
0.225 -0.035379380578 -0.011652095714
0.225 -0.035945159034 -0.012054883514
0.225 -0.036491030897 -0.012450899552
0.225 -0.036836478364 -0.012704827925
0.225 -0.037478700626 -0.013189333589
0.225 -0.037859432368 -0.013481667699
0.225 -0.038461977688 -0.013961727377
0.225 -0.038914752804 -0.014325513718
0.225 -0.03933534984 -0.014669632041
0.225 -0.040068091979 -0.015276596813
0.225 -0.040644593923 -0.015760659693
0.225 -0.041180794863 -0.016223916609
0.225 -0.041678410568 -0.016664453284
