0.225710967491 -0.039498526352 0.021560382244
0.226921101927 -0.039483387804 0.021587379365
0.228049758801 -0.039472766587 0.021607319228
0.228886986912 -0.039464738608 0.021619227348
0.229684666796 -0.039461613592 0.021627648074
0.230915107865 -0.039456831341 0.02163612555
0.232116191051 -0.039453845846 0.02164134794
0.233097277583 -0.039450792657 0.021645487931
0.234397591693 -0.039449072717 0.021650675083
0.235214823719 -0.039446013661 0.021653181213
0.23596531176 -0.039446591222 0.02165531022
0.237236649864 -0.039443650468 0.021658757882
0.238148376732 -0.039443631251 0.021659946036
0.239519153586 -0.039441773583 0.021661527756
0.240614986128 -0.039441917488 0.021662572559
0.241842761337 -0.039441259506 0.021663811348
0.243299830549 -0.039440857555 0.02166537247
0.244166799038 -0.039438264928 0.021666414718
0.245907119336 -0.039438537309 0.021670058672
0.246904399075 -0.039435023034 0.0216722004
0.248602326024 -0.039435486131 0.02167552158
0.249641871708 -0.039432009983 0.021677610027
0.251296123016 -0.039432658643 0.021680617716
0.252405254395 -0.039428478057 0.02168116103
0.254386835839 -0.039431511099 0.021681560787
0.255492735293 -0.03943126546 0.021680669607
0.257024200135 -0.039432253443 0.021678619471
0.258491925364 -0.039434098868 0.021676148503
0.259667566606 -0.039435451646 0.021673966369
0.261490607819 -0.03943584875 0.021669982379
0.26349603991 -0.039438084484 0.021670570288
0.26461810345 -0.039436821678 0.021672354181
0.265880540853 -0.039435050031 0.021674596421
0.267879059028 -0.039431785405 0.021678677056
0.269455863498 -0.039429911406 0.021682333967
0.271140787066 -0.039427147395 0.021686697013
0.27292109084 -0.039428209389 0.021685115245
0.27440639808 -0.039427955365 0.021685267593
0.276274255587 -0.039427287141 0.021687967899
0.277529266357 -0.039427171168 0.021688811029
0.279407663103 -0.03942846711 0.021688524978
0.280649479022 -0.039428257758 0.021687477202
0.281836787706 -0.039427939776 0.021688065226
0.283941674012 -0.039427344051 0.021689166042
0.285229143421 -0.039426281251 0.021689713081
0.287217267767 -0.039424016872 0.021691458357
0.288824089305 -0.039423000984 0.021693739745
0.290493767679 -0.039420833268 0.021696935885
0.292257670627 -0.039422606337 0.021693732632
0.293782124011 -0.039423720201 0.021691720308
0.295569029201 -0.039423700901 0.021691574443
0.297237359972 -0.039423468332 0.021692366325
0.298914791423 -0.039422649833 0.021693454005
0.300735508642 -0.039422423935 0.021694627719
0.302237052054 -0.039423487187 0.021692682871
0.304023980525 -0.039424845649 0.021690198038
0.305529648728 -0.039424516486 0.021690800127
0.307316804679 -0.039423626029 0.021692428908
0.308819047654 -0.039422870384 0.021693811097
0.310609982974 -0.039422110115 0.021695201743
0.312110675066 -0.039423088749 0.021693411674
0.313898662053 -0.039424358478 0.021691089147
0.315403193037 -0.0394240522 0.021691649376
0.317191367376 -0.039423238278 0.021693138163
0.318692774309 -0.039422558659 0.021694381289
0.32048433801 -0.039421896105 0.021695593201
0.321984556053 -0.039422906146 0.021693745682
0.323772948326 -0.039424201998 0.021691375373
0.32527709315 -0.039423885599 0.021691954114
0.327065687332 -0.039423053617 0.021693475936
0.32856664708 -0.039422369182 0.021694727871
0.330358664638 -0.039421705862 0.021695941184
0.3318584406 -0.039422726521 0.021694074244
0.33364724879 -0.039424033645 0.021691683316
0.335151055446 -0.039423771024 0.02169216369
0.336939836313 -0.039423012002 0.021693552056
0.33844075323 -0.039422374962 0.021694717299
0.340232702559 -0.039421757165 0.021695847342
0.341732633617 -0.039422804979 0.021693930733
0.343521214895 -0.039424145034 0.021691479568
0.3450253022 -0.039423894441 0.021691937942
0.346813775438 -0.039423145964 0.021693307018
0.348315026931 -0.039422520923 0.021694450313
0.350106606601 -0.03942192048 0.021695548615
0.351606933425 -0.039422972783 0.021693623793
0.353395112289 -0.03942431391 0.02169117067
0.354899627511 -0.039424083581 0.021691591975
0.356687624858 -0.039423354978 0.021692924701
0.358189381955 -0.039422734925 0.021694058872
0.359980459861 -0.03942212628 0.021695172176
0.361481254281 -0.039423158197 0.021693284643
0.363269017347 -0.039424476374 0.021690873498
0.364774019583 -0.039424328579 0.021691143837
0.366561249425 -0.039423752114 0.021692198278
0.368064112942 -0.039423263475 0.021693092073
0.369853721015 -0.039422827468 0.021693889597
0.371356599178 -0.039424200377 0.021691378339
0.373140843804 -0.039426377903 0.021687395314
0.374651073865 -0.039426800918 0.021686621555
0.376431766317 -0.039426749293 0.021686715985
0.377942561493 -0.039426902332 0.021686436053
0.379722481481 -0.039427294162 0.021685719337
0.381231791786 -0.039425115143 0.021689705092
0.38301910977 -0.039422891806 0.021693771912
0.384520834594 -0.039423171095 0.021693261051
0.386308770159 -0.039424319155 0.021691161076
0.387814911488 -0.039425438822 0.021689113034
0.389597227339 -0.03942675317 0.021686708894
0.391106261636 -0.039425425213 0.021689137928
0.392892230265 -0.039423710676 0.021692274076
0.394396013135 -0.039424074092 0.021691609332
0.396181746363 -0.039425258745 0.021689442422
0.397690192956 -0.039426427934 0.021687303799
0.399470069345 -0.039427805038 0.021684784868
0.400981633421 -0.039426489888 0.021687190475
0.402765032355 -0.039424795939 0.021690288964
0.404271440839 -0.039425185552 0.021689576303
0.406054470247 -0.03942640944 0.021687337626
0.40756571439 -0.039427617813 0.02168512733
0.40934269308 -0.039429039522 0.021682526808
0.410857257812 -0.039427765907 0.021684856443
0.412637537464 -0.039426129673 0.021687849363
0.414147185434 -0.03942656214 0.021687058316
0.415926860414 -0.03942783934 0.021684722124
0.417441584592 -0.03942909949 0.021682417119
0.419214953033 -0.039430578366 0.021679712031
0.420733257825 -0.039429356191 0.021681947574
0.422509650813 -0.039427791173 0.021684810228
0.424023341718 -0.039428283167 0.021683910296
0.425798813109 -0.039429635251 0.02168143713
0.427317916337 -0.039430967317 0.021679000579
0.429086725683 -0.039432524912 0.021676151503
0.430609762981 -0.039431369103 0.021678265653
0.432381237675 -0.039429893159 0.021680965378
0.43390003638 -0.039430454629 0.021679938363
0.435670209935 -0.039431896232 0.021677301455
0.437194826479 -0.039433319061 0.021674698884
0.438957891622 -0.039434979064 0.021671662487
0.440486910349 -0.039433919322 0.021673600916
0.442252138315 -0.039432569274 0.021676070359
0.443777452997 -0.039433230117 0.021674861577
0.44554084573 -0.039434793929 0.021672001127
0.44707253713 -0.039436340552 0.021669172119
0.448828215507 -0.039438137722 0.021665884825
0.450364960514 -0.039437224868 0.021667554572
0.452122088769 -0.039436040364 0.021669721209
0.453655969996 -0.039436926241 0.021668100806
0.455410123588 -0.039438827747 0.021664622663
0.45695188156 -0.039440728947 0.021661145081
0.458696582154 -0.039442933905 0.021657111878
0.460244727927 -0.039441967152 0.021658880216
0.461990861793 -0.039440496551 0.021661570168
0.463534549254 -0.039440674453 0.021661244758
0.465280820407 -0.039441674389 0.021659415724
0.466828231708 -0.039442612171 0.021657700379
0.468569740748 -0.0394437209 0.021655672346
0.470124905115 -0.039447052275 0.021649578757
0.471852674733 -0.039450775904 0.021642767675
0.473439744422 -0.039452248358 0.021639997574
0.475079564303 -0.03945326004 0.021637745067
0.476786318452 -0.039455287243 0.02163462554
0.478294899278 -0.039457298306 0.021630870873
0.480102874046 -0.039456839457 0.021631701309
0.481586814405 -0.039456814451 0.021631746566
0.483225508656 -0.039457163804 0.021630672238
0.484706535948 -0.039458859397 0.021628703056
0.486011902854 -0.039460211764 0.021626187363
0.487777207934 -0.039464142917 0.021621867664
0.488849056553 -0.039466987873 0.021617410304
0.489823503123 -0.039469493586 0.021613755905
0.491939098957 -0.039471520199 0.021608449219
0.493221506723 -0.039473018067 0.021605259238
0.49537264948 -0.039476418941 0.021598018465
0.49676676155 -0.039479579328 0.021592028844
0.498591427275 -0.039482328239 0.021585282816
0.499818726381 -0.039483487182 0.021583344124
0.501160874297 -0.03948772741 0.021580084465
0.502752332036 -0.039489024254 0.021577244461
0.50373302979 -0.039487027683 0.021576235243
0.504869519219 -0.039490805689 0.021573474976
0.506590978341 -0.03949462712 0.021565330722
0.508444074948 -0.03950043339 0.021556235645
0.509408498671 -0.039501057637 0.021548886439
0.510302326791 -0.039509220293 0.02154061423
0.511961935218 -0.03951865732 0.021523655274
0.513624248082 -0.039527641328 0.021506616124
0.514572100685 -0.039529107031 0.021497643095
0.515594901528 -0.039537148759 0.021488674659
0.517228744985 -0.0395432914 0.021475902331
0.518885282512 -0.039555622671 0.021454666607
0.519980484346 -0.039563273967 0.021434972557
0.521107547679 -0.039580233583 0.021409099068
0.522818899811 -0.039606099442 0.021358188893
0.524317447019 -0.039636953403 0.021302924331
