0.5239780385 -0.034959517126 -0.00166736965
0.522907170471 -0.03496010482 -0.001636070072
0.521128903983 -0.034961014393 -0.001617494394
0.51965509443 -0.03496180916 -0.001601263341
0.517821947817 -0.034962619881 -0.001584706468
0.5163977457 -0.034963284781 -0.001571127605
0.514651475753 -0.034964672612 -0.001559261191
0.513783245895 -0.034964435796 -0.001555350724
0.51257182564 -0.034964607492 -0.001550462912
0.51050176969 -0.034964929693 -0.001541290563
0.509271372066 -0.034965108134 -0.00153621071
0.507220560529 -0.034965436924 -0.001526850767
0.505970673988 -0.034965622247 -0.001521575029
0.504052224048 -0.034964579844 -0.001517137497
0.502627490454 -0.034964751386 -0.001512644342
0.500767537509 -0.034964986611 -0.001506483167
0.499330144338 -0.034965127311 -0.001502797842
0.497481649338 -0.034965320205 -0.00149774543
0.496033964294 -0.034965429929 -0.001494871461
0.494275565195 -0.034964735929 -0.001491383446
0.492686848512 -0.034964852699 -0.001488546555
0.490987777052 -0.034964993149 -0.001485134382
0.489392126428 -0.034965093918 -0.001482686238
0.487699515967 -0.034965216372 -0.001479711258
0.486097877487 -0.034965301125 -0.001477652214
0.484409936219 -0.034965344804 -0.001476591039
0.482805221354 -0.034965393835 -0.001475399857
0.481120201018 -0.034965462062 -0.0014737423
0.479512165865 -0.034965515252 -0.001472450069
0.477830580306 -0.03496558755 -0.00147069362
0.476218995892 -0.034965644899 -0.001469300348
0.474539921143 -0.03496563839 -0.001469458483
0.472927215196 -0.034965674679 -0.001468576848
0.471249715867 -0.034965721857 -0.00146743068
0.469634685921 -0.03496575827 -0.001466546037
0.467959512306 -0.034965805447 -0.001465399882
0.46634215493 -0.034965841985 -0.001464512228
0.464668353376 -0.034965820362 -0.001465037534
0.463050733837 -0.034965845915 -0.001464416736
0.461377800563 -0.034965878847 -0.001463616669
0.459758554165 -0.034965904375 -0.001462996469
0.458087246174 -0.034965937218 -0.001462198553
0.456466376068 -0.034965962722 -0.00146157895
0.454795785576 -0.034965930448 -0.001462363036
0.453175196245 -0.034965949309 -0.001461904811
0.451505017866 -0.034965973485 -0.001461317465
0.449883228776 -0.034965992515 -0.001460855135
0.448214254447 -0.034966016831 -0.001460264399
0.446591257016 -0.03496603603 -0.001459797962
0.444922624737 -0.034965997904 -0.001460724218
0.443300217763 -0.034966012512 -0.001460369312
0.441631725398 -0.034966031479 -0.001459908521
0.44000838025 -0.034966046377 -0.001459546589
0.43834083392 -0.034966065619 -0.001459079098
0.436716534877 -0.034966080806 -0.001458710138
0.435049090918 -0.034966038549 -0.001459736767
0.433425595834 -0.034966050085 -0.001459456495
0.431758087474 -0.034966064641 -0.00145910288
0.430133868957 -0.034966075997 -0.001458826986
0.428467078779 -0.034966090355 -0.001458478163
0.426842147331 -0.034966101531 -0.001458206645
0.425175295919 -0.034966060419 -0.001459205442
0.423551203606 -0.034966071146 -0.001458944826
0.421884269565 -0.034966084864 -0.001458611562
0.420259495951 -0.034966095676 -0.001458348886
0.418593245448 -0.034966109469 -0.001458013779
0.416967786061 -0.034966120366 -0.001457749041
0.41530142512 -0.03496607684 -0.00145880649
0.413676892294 -0.034966086391 -0.001458574468
0.412010361805 -0.034966098628 -0.001458277161
0.410385221517 -0.03496610827 -0.00145804293
0.408719300927 -0.034966120591 -0.001457743576
0.407093548303 -0.034966130323 -0.001457507137
0.405427452477 -0.034966085941 -0.001458585399
0.403802671583 -0.034966095122 -0.001458362334
0.402136376853 -0.034966106844 -0.001458077567
0.400511013351 -0.034966116099 -0.001457852705
0.398845303198 -0.034966127888 -0.001457566295
0.397219353149 -0.034966137218 -0.001457339636
0.395553442609 -0.034966092365 -0.001458429318
0.393928486615 -0.034966101285 -0.001458212622
0.392262358629 -0.034966112668 -0.001457936079
0.390636836574 -0.034966121673 -0.001457717299
0.388971276957 -0.034966133136 -0.001457438807
0.387345184225 -0.034966142227 -0.001457217944
0.385679410276 -0.034966097175 -0.00145831247
0.384054320036 -0.034966106125 -0.001458095024
0.38238832631 -0.034966117478 -0.001457819205
0.380762670259 -0.034966126495 -0.001457600161
0.379097244091 -0.034966137907 -0.00145732289
0.377471018735 -0.034966146989 -0.001457102248
0.375805367813 -0.034966101256 -0.001458213312
0.374180162962 -0.034966110282 -0.001457994027
0.372514287145 -0.034966121797 -0.001457714288
0.370888511107 -0.034966130801 -0.001457495534
0.369223205752 -0.034966142285 -0.001457216529
0.367596859976 -0.034966151268 -0.001456998306
0.365931307378 -0.034966104046 -0.001458145541
0.364306044558 -0.03496611166 -0.001457960562
0.362640182183 -0.034966121386 -0.001457724279
0.361014436855 -0.034966129005 -0.001457539176
0.359349057053 -0.03496613873 -0.001457302901
0.357722829085 -0.034966146354 -0.001457117674
0.35605718507 -0.034966102388 -0.001458185824
0.354431955234 -0.034966110947 -0.001457977882
0.352766089051 -0.034966121825 -0.001457713608
0.351140319065 -0.034966130338 -0.001457506783
0.349474991641 -0.034966141162 -0.001457243822
0.347848684288 -0.034966149629 -0.001457038115
0.346183111702 -0.034966104248 -0.001458140639
0.344557832808 -0.034966112614 -0.001457937392
0.342892009376 -0.034966123231 -0.001457679437
0.341266203057 -0.034966131543 -0.001457477502
0.339600905438 -0.034966142099 -0.001457221052
0.337974574919 -0.034966150357 -0.001457020429
0.336309020449 -0.034966104822 -0.001458126687
0.334683725601 -0.034966113186 -0.001457923482
0.333017918071 -0.034966123802 -0.001457665576
0.331392095696 -0.034966132127 -0.001457463322
0.329726814499 -0.034966142696 -0.001457206552
0.328100466985 -0.034966150982 -0.001457005249
0.326434929539 -0.034966105421 -0.001458112138
0.324809619041 -0.034966113712 -0.0014579107
0.323143825027 -0.034966124247 -0.001457654753
0.321517991054 -0.034966132515 -0.001457453892
0.319852719757 -0.034966143019 -0.001457198695
0.318226363828 -0.034966151263 -0.00145699841
0.316560833238 -0.034966105632 -0.001458107002
0.314935517474 -0.034966113879 -0.001457906639
0.313269726968 -0.034966124332 -0.001457652688
0.311643891566 -0.034966132533 -0.00145745346
0.309978619294 -0.034966142932 -0.001457200827
0.308352267062 -0.034966151085 -0.001457002734
0.306686732458 -0.034966105522 -0.001458109689
0.305061421266 -0.034966113661 -0.001457911937
0.303395623444 -0.034966124025 -0.001457660168
0.301769796701 -0.034966132218 -0.001457461104
0.300104515862 -0.03496614263 -0.001457208146
0.298478170704 -0.034966150878 -0.00145700777
0.296812637975 -0.034966105864 -0.001458101379
0.29518732488 -0.034966113456 -0.001457916925
0.293521521202 -0.034966123809 -0.001457665407
0.291895690341 -0.03496613273 -0.001457448673
0.29023044175 -0.034966144437 -0.00145716426
0.288604018479 -0.034966154687 -0.00145691524
0.286938675727 -0.034966115711 -0.001457862135
0.2853130567 -0.0349661256 -0.001457621891
0.283647596381 -0.034966136347 -0.001457360802
0.282021416621 -0.034966145272 -0.001457143965
0.280356489815 -0.034966155026 -0.001456907004
0.278729803768 -0.034966162987 -0.001456713584
0.277064976416 -0.0349661325 -0.001457477304
0.275439871195 -0.034966126371 -0.001457626235
0.273774383626 -0.034966109695 -0.001458031411
0.272150036732 -0.034966094659 -0.001458396753
0.270483539426 -0.034966068816 -0.001459024672
0.268860453777 -0.034966044866 -0.001459606597
0.267196754371 -0.03496620532 -0.001458337388
0.265620549709 -0.034966172601 -0.001459142546
0.263959404579 -0.034966147591 -0.001459758012
0.262384622613 -0.034966128959 -0.001460216524
0.260722460368 -0.034966118761 -0.001460467476
0.259148290506 -0.034966114175 -0.001460580344
0.25741353893 -0.034967838263 -0.001460531345
0.256190161806 -0.034967871756 -0.001459572755
0.25437712478 -0.034967894663 -0.001458917171
0.253152332232 -0.034967894997 -0.001458907609
0.251339250407 -0.034967868701 -0.001459660206
0.250115976194 -0.034967835814 -0.001460601406
0.249121987395 -0.034969382419 -0.00146066307
0.247640900661 -0.034968523068 -0.00146111403
0.246702933952 -0.034968513213 -0.001461319099
0.24523994254 -0.034968501316 -0.001461566648
0.244301483895 -0.034968495175 -0.00146169443
0.242838870677 -0.034968489081 -0.001461821234
0.241881040069 -0.034968544814 -0.001461786972
0.241009745573 -0.034969138403 -0.001461803307
0.239923875845 -0.034969135913 -0.001461872542
0.23929925455 -0.034969133765 -0.001461932267
0.238213177166 -0.034969127832 -0.001462097248
0.237588837786 -0.034969123704 -0.001462212032
0.237064174211 -0.034969059507 -0.001462345847
0.236404468854 -0.03496899119 -0.001462642637
0.23590467712 -0.034969083038 -0.001462960178
0.235200557701 -0.034969069133 -0.001463275254
0.234685776748 -0.034969060897 -0.001463461884
0.233982181881 -0.034969052897 -0.001463643157
0.233475030216 -0.034969233304 -0.001463723639
0.233127937679 -0.034969181927 -0.00146382413
0.232675050814 -0.034969160007 -0.001464029628
0.232273810121 -0.034969353004 -0.001464265769
0.231696131204 -0.034969342483 -0.001464539714
0.231405982651 -0.034969336705 -0.001464690139
0.231142094009 -0.034969228039 -0.001464814016
0.230795635281 -0.034969144019 -0.001464982834
0.230522788863 -0.034969309997 -0.001465131823
0.230185310165 -0.034969110625 -0.001465321532
0.229819399357 -0.034969221553 -0.001465550004
0.229571867115 -0.03496921449 -0.001465725252
0.229405052043 -0.034969261582 -0.001465849368
0.229129285234 -0.034969171495 -0.001466058196
0.228967214861 -0.034969272355 -0.00146619323
0.228671282291 -0.034969216718 -0.001466449019
0.228472914234 -0.034969238568 -0.001466628836
0.228204367011 -0.034969238902 -0.001466875579
0.228045057942 -0.034969212423 -0.00146703595
0.227883943639 -0.034969227786 -0.001467208785
0.227731936493 -0.034969198988 -0.001467378759
0.227560567435 -0.034969190127 -0.00146757535
0.227435169118 -0.034969196291 -0.001467728101
0.22723717134 -0.034969153696 -0.001467975408
0.227132658375 -0.034969185486 -0.001468116548
0.226970587723 -0.034969178973 -0.001468350342
0.22681862474 -0.034969161287 -0.001468592967
0.226704031074 -0.034969125065 -0.001468786105
0.226554757809 -0.034969147172 -0.001469058771
0.226435662829 -0.034969112015 -0.001469288098
0.226334924202 -0.034969132493 -0.001469501329
0.226199344089 -0.034969099735 -0.001469806295
0.226098471934 -0.034969106749 -0.001470057567
0.225954752789 -0.034969096549 -0.001470442388
0.225813897172 -0.034969072303 -0.00147086047
0.225710194513 -0.034969042672 -0.001471187351
0.225611412784 -0.034969044727 -0.001471607219
0.225469821995 -0.03496901179 -0.001472449972
0.225341558482 -0.034968958454 -0.001473501404
0.225229715273 -0.034968897982 -0.001474603749
0.225073655441 -0.034968817244 -0.001476485845
