0.524032504545 -0.034959161475 0.001667587358
0.5230991005 -0.034960033661 0.001638819973
0.521226185011 -0.034960873356 0.001622317814
0.519838951518 -0.034961606689 0.001607905968
0.517917312276 -0.034962540591 0.001589552417
0.516580905796 -0.034963285699 0.001574909145
0.515132186629 -0.034964766018 0.001561962674
0.513951999965 -0.034961946655 0.00155506798
0.512409444753 -0.034962225621 0.001548385164
0.510669874922 -0.034962594565 0.001539546882
0.509109988321 -0.034962858138 0.001533232826
0.507387191719 -0.034963203342 0.001524963229
0.505811032478 -0.034963451516 0.001519018074
0.504007464906 -0.034964792336 0.001513655868
0.502590967091 -0.03496488769 0.00151114322
0.500720813622 -0.034965064272 0.001506490113
0.499294973356 -0.034965188553 0.001503215221
0.497435286574 -0.034965401047 0.001497615813
0.495997981189 -0.034965554332 0.001493576605
0.494275861858 -0.034964757254 0.001490865357
0.492687183362 -0.034964828629 0.001489131334
0.490986992938 -0.034964936784 0.001486503752
0.489393106089 -0.034965023496 0.001484397109
0.487698554039 -0.034965147225 0.001481391162
0.486098598796 -0.034965249274 0.001478911902
0.484409150766 -0.034965288343 0.001477962749
0.482805700261 -0.034965359409 0.001476236217
0.481120000533 -0.034965447651 0.001474092426
0.479512179295 -0.034965514287 0.001472473523
0.47783071824 -0.034965597465 0.001470452733
0.476218790419 -0.034965659669 0.001468941512
0.474540264678 -0.034965663085 0.001468858536
0.472926857571 -0.034965700387 0.001467952295
0.471250083665 -0.034965748296 0.001466788361
0.46963430891 -0.034965785371 0.001465887628
0.467959894387 -0.034965832913 0.001464732619
0.466341768513 -0.034965869762 0.001463837391
0.4646687626 -0.034965849779 0.001464322869
0.463050329068 -0.034965875011 0.001463709851
0.461378197696 -0.034965907394 0.001462923119
0.459758161484 -0.034965932603 0.001462310693
0.458087631252 -0.034965964899 0.001461526058
0.456465995439 -0.034965990083 0.001460914224
0.454796166051 -0.034965957798 0.001461698578
0.453174824572 -0.034965976027 0.001461255725
0.451505378649 -0.03496599942 0.001460687397
0.449882881863 -0.034966017453 0.001460249287
0.448214585295 -0.034966040614 0.001459686608
0.446590945104 -0.034966058452 0.00145925324
0.444922945293 -0.034966020947 0.001460164401
0.443299891411 -0.034966035972 0.001459799374
0.441632051864 -0.034966054947 0.001459338383
0.44000805627 -0.034966069666 0.001458980792
0.438341149517 -0.034966088306 0.001458527941
0.436716230047 -0.034966102719 0.001458177785
0.435049392287 -0.034966060212 0.001459210459
0.433425307645 -0.034966070801 0.001458953205
0.431758364425 -0.034966084549 0.001458619215
0.430133600302 -0.034966095309 0.001458357808
0.428467341223 -0.03496610922 0.001458019833
0.426841888298 -0.034966120151 0.001457754272
0.425175556946 -0.034966079183 0.001458749586
0.423550947982 -0.034966089522 0.001458498406
0.421884518194 -0.034966102736 0.001458177359
0.420259255203 -0.034966112982 0.001457928445
0.418593476672 -0.034966126091 0.00145760997
0.416967565195 -0.034966136243 0.001457363322
0.415301641888 -0.034966092422 0.001458427928
0.413676678166 -0.034966101783 0.001458200517
0.41201057166 -0.034966113713 0.001457910673
0.410385016926 -0.034966122976 0.001457685635
0.408719498563 -0.034966134798 0.001457398425
0.407093358554 -0.034966143963 0.00145717576
0.405427639414 -0.034966099379 0.001458258934
0.403802490987 -0.034966108104 0.001458046944
0.402136549631 -0.034966119264 0.001457775829
0.400510849057 -0.03496612791 0.001457565784
0.398845457491 -0.03496613898 0.001457296839
0.397219209483 -0.034966147545 0.001457088739
0.395553582856 -0.034966102447 0.001458184392
0.393928354621 -0.034966110773 0.001457982109
0.392262480425 -0.034966121423 0.001457723374
0.390636725496 -0.034966129658 0.001457523312
0.388971375328 -0.034966140207 0.001457267013
0.387345099037 -0.034966148351 0.001457069172
0.385679498726 -0.034966103533 0.001458158002
0.384054242262 -0.034966111716 0.0014579592
0.382388392692 -0.03496612225 0.001457703277
0.38076261646 -0.034966130362 0.001457506208
0.379097284558 -0.034966140816 0.001457252218
0.377470992758 -0.034966148857 0.001457056882
0.375805389871 -0.034966102842 0.00145817479
0.374180142729 -0.034966111737 0.001457958692
0.372514305468 -0.034966123114 0.001457682288
0.370888494085 -0.034966132025 0.001457465808
0.369223221402 -0.03496614341 0.001457189198
0.367596845105 -0.034966152337 0.001456972335
0.365931318877 -0.034966104873 0.001458125459
0.364306034657 -0.034966112372 0.00145794327
0.362640190052 -0.034966121951 0.001457710535
0.361014430785 -0.034966129441 0.001457528576
0.359349060887 -0.034966139006 0.001457296207
0.357722827255 -0.034966146486 0.001457114477
0.356057193216 -0.034966102973 0.001458171597
0.354431952165 -0.034966111168 0.001457972521
0.35276608718 -0.03496612169 0.001457716875
0.351140324807 -0.034966129925 0.001457516811
0.349474982198 -0.034966140483 0.001457260313
0.347848696396 -0.034966148759 0.001457059262
0.346183104097 -0.034966103701 0.001458153919
0.344557846429 -0.034966111634 0.00145796118
0.342891989976 -0.034966121837 0.001457713318
0.341266227042 -0.034966129819 0.001457519389
0.339600877147 -0.034966140066 0.001457270458
0.337974606361 -0.034966148097 0.00145707534
0.336308992724 -0.034966102829 0.001458175106
0.334683759968 -0.034966110716 0.0014579835
0.333017877123 -0.034966120858 0.001457737088
0.331392142267 -0.034966128779 0.001457544653
0.329726762399 -0.034966138951 0.001457297539
0.328100523689 -0.034966146906 0.001457104275
0.326434875939 -0.034966101568 0.001458205745
0.324809678985 -0.034966109403 0.001458015386
0.323143758544 -0.034966119468 0.001457770859
0.321518063291 -0.034966127323 0.001457580045
0.319852641595 -0.034966137401 0.001457335195
0.31822644715 -0.034966145274 0.001457143923
0.316560752614 -0.034966099837 0.001458247802
0.314935605733 -0.034966107535 0.001458060775
0.313269631241 -0.034966117451 0.001457819866
0.311643993696 -0.034966125191 0.001457631821
0.309978510966 -0.034966135145 0.001457390011
0.308352380561 -0.034966142927 0.001457200948
0.306686619354 -0.034966097391 0.001458307213
0.305061541611 -0.034966105011 0.001458122106
0.303395494828 -0.034966114779 0.001457884782
0.301769934125 -0.03496612234 0.001457701101
0.300104368571 -0.034966132043 0.001457465374
0.298478328372 -0.034966139544 0.00145728312
0.296812467481 -0.034966093608 0.001458399128
0.295187491029 -0.034966101513 0.001458207086
0.293521342432 -0.034966110958 0.00145797761
0.291895901792 -0.03496611753 0.001457817949
0.290230179775 -0.034966125605 0.001457621771
0.288604350162 -0.034966130844 0.001457494489
0.286938248979 -0.034966085035 0.001458607404
0.285313703349 -0.034966079116 0.001458751194
0.283646721101 -0.034966073428 0.001458889382
0.282022484994 -0.034966068473 0.001459009763
0.280355220359 -0.034966063772 0.001459123972
0.27873123951 -0.03496605978 0.001459220954
0.277063070166 -0.034965995458 0.001460807086
0.27544204959 -0.034965969764 0.001461431392
0.273772101406 -0.034965945624 0.001462017926
0.272152343803 -0.034965928801 0.001462426676
0.270481382911 -0.034965913782 0.001462791608
0.268862387856 -0.034965905823 0.001462984988
0.267112538477 -0.0349669173 0.001461251473
0.265677935753 -0.034966942011 0.001460592542
0.263876766876 -0.034966963262 0.0014600259
0.262440841201 -0.034966976195 0.001459681047
0.260640550808 -0.034966982624 0.001459509611
0.259204179115 -0.03496698374 0.001459479862
0.257381776767 -0.034968296847 0.001459545149
0.256215046085 -0.034968254311 0.001460800408
0.254342725718 -0.034968210392 0.001462096505
0.253178686624 -0.034968198569 0.00146244539
0.25130518862 -0.034968203895 0.001462288233
0.250140815924 -0.034968222704 0.001461733169
0.249298052455 -0.034969321435 0.001461611651
0.247666894081 -0.034968409686 0.00146165462
0.246705021706 -0.034968406355 0.001461724851
0.245265798838 -0.034968399844 0.001461862155
0.244303626685 -0.034968392742 0.001462011905
0.242864821007 -0.034968380595 0.00146226805
0.241942264438 -0.034968504898 0.001462030519
0.241095083494 -0.034968995772 0.001461907674
0.240034350541 -0.034968971635 0.001462568458
0.239385091873 -0.034968958444 0.001462929583
0.238323270228 -0.034968937681 0.001463498001
0.237675017836 -0.034968926581 0.001463801872
0.237179456165 -0.034969046857 0.001463685414
0.236468881754 -0.034968708776 0.00146349879
0.236031481172 -0.034969244542 0.001463435046
0.235254914107 -0.034969237078 0.001463597055
0.234812738505 -0.034969230599 0.001463737694
0.234036598188 -0.034969216342 0.001464047138
0.23359111008 -0.034969124673 0.001464190406
0.233157963007 -0.034969251515 0.001464320721
0.232773446666 -0.034969146409 0.001464446599
0.232280390168 -0.034969147141 0.00146462913
0.231785683262 -0.034969133618 0.00146496425
0.231412639167 -0.034969124528 0.001465189527
0.231178042588 -0.03496930509 0.001465326908
0.230790818168 -0.034969067618 0.001465553818
0.230379853691 -0.034969282631 0.00146581609
0.23016901259 -0.034969113018 0.001465949697
0.229823257114 -0.034969160089 0.001466187462
0.229548849799 -0.034969151397 0.001466399424
0.229383608088 -0.034969258322 0.001466492558
0.229109385246 -0.034969126889 0.001466662188
0.228884120957 -0.034969238497 0.001466826306
0.228655888009 -0.034969161815 0.001467022486
0.228467406513 -0.034969226507 0.001467199799
0.228187619737 -0.034969151193 0.001467481666
0.228040877281 -0.034969212457 0.001467619372
0.227768378584 -0.03496914522 0.001467910296
0.227639378517 -0.034969196448 0.001468066263
0.227399981202 -0.034969117585 0.001468368842
0.227223329259 -0.034969169098 0.001468605381
0.227031591464 -0.034969095265 0.001468873415
0.226905041473 -0.034969149205 0.001469065754
0.226780834621 -0.034969079068 0.001469263445
0.226630455657 -0.034969132168 0.001469525619
0.226530086969 -0.034969064724 0.001469708666
0.226363065282 -0.034969084588 0.001470038065
0.22612101328 -0.034969091193 0.001470595687
0.226043401408 -0.034969072964 0.001470799238
0.225954774643 -0.034969056962 0.001471052796
0.225824025703 -0.034969029301 0.001471457422
0.225712860289 -0.034969016369 0.001471839677
0.225600827025 -0.034969012495 0.00147226246
0.225479905049 -0.034968988036 0.00147295226
0.225370153149 -0.034968941479 0.001473779445
0.225229925261 -0.034968888721 0.001475168427
0.225139856296 -0.034968811377 0.001476227892
0.225053805289 -0.034968776777 0.00147739156
