0.225070909144 -0.027129155778 -0.035902525958
0.226431191023 -0.027050760601 -0.035960560907
0.22751236984 -0.027003236733 -0.035996993414
0.228577977557 -0.026963499334 -0.036025916056
0.229795976686 -0.026934561146 -0.036048516268
0.230735979974 -0.026922301909 -0.036055906426
0.2316468296 -0.026920930396 -0.036058710908
0.233056804241 -0.026908045273 -0.036067668622
0.234324689864 -0.02689912 -0.036074827907
0.235331182232 -0.026890392885 -0.036079874671
0.236426642201 -0.026886158163 -0.036084540841
0.237594062521 -0.026878664575 -0.03608880953
0.238656019042 -0.026875970784 -0.036092045425
0.239793422059 -0.026869833157 -0.036095680942
0.240965882439 -0.026866242958 -0.036099371975
0.241960684242 -0.02685998974 -0.036102478565
0.242926037389 -0.026858073304 -0.036105442896
0.244077462655 -0.026853086814 -0.036107970841
0.245120432108 -0.026851999938 -0.036109712764
0.24605435699 -0.026849036393 -0.03611081064
0.247222333441 -0.02684832224 -0.036112580084
0.248321060918 -0.026844252804 -0.036113834398
0.249374060474 -0.026846268026 -0.036114074364
0.25064463212 -0.026845574395 -0.036113713657
0.251968849181 -0.026844779297 -0.036112671061
0.253240217964 -0.026846973373 -0.036111404388
0.254489955151 -0.026848318098 -0.036110119933
0.255971116267 -0.026852315519 -0.036108211494
0.257294381606 -0.026851003624 -0.03610948116
0.259501558708 -0.026848591298 -0.03611266696
0.260661284947 -0.02684602515 -0.036114544276
0.261597542648 -0.02684045203 -0.036117948173
0.262762515247 -0.026834367151 -0.036121839679
0.264288477816 -0.026826308379 -0.036126678738
0.265914638075 -0.026823069008 -0.036130726674
0.267351707126 -0.026822199646 -0.036131292731
0.2688271669 -0.026820746915 -0.036132305718
0.269816878478 -0.026821450443 -0.036133139715
0.271386080434 -0.026817709368 -0.03613377881
0.272561909048 -0.026818214828 -0.036134170332
0.2737739013 -0.026816891435 -0.036134633938
0.275068840139 -0.026814734083 -0.036135656326
0.276962698618 -0.026811666987 -0.03613660302
0.278508154678 -0.026811271777 -0.036137118051
0.280152902944 -0.026810515257 -0.036137143522
0.282161663333 -0.026806200979 -0.03614137213
0.283788782957 -0.026800134802 -0.03614621861
0.285794685398 -0.026800489671 -0.036144994547
0.287266929829 -0.026802193253 -0.036143639333
0.28912636135 -0.026803544945 -0.036141959517
0.290746393954 -0.026806535867 -0.036139941558
0.292447187028 -0.026801571098 -0.036143239467
0.294062791467 -0.02679429372 -0.036148641579
0.295741892007 -0.026796208702 -0.036147220052
0.297356724155 -0.026798601825 -0.036145443591
0.29903046432 -0.026800899266 -0.036143738157
0.300651115476 -0.026803679854 -0.036141674073
0.30232279353 -0.026799282982 -0.036144937955
0.303935538381 -0.026792023516 -0.036150326796
0.305617337935 -0.026793947967 -0.036148898239
0.307229488555 -0.026796360975 -0.036147107017
0.308905845929 -0.026798746506 -0.036145336192
0.310523989043 -0.026801622267 -0.036143201459
0.312197809632 -0.026797743813 -0.03614608051
0.313809150599 -0.026791205931 -0.036150933704
0.315491884683 -0.02679319672 -0.036149455904
0.317103140216 -0.026795609604 -0.036147664774
0.318780455332 -0.026797890079 -0.036145971934
0.32039747896 -0.02680059937 -0.036143960776
0.322072768845 -0.026796300147 -0.036147152171
0.323682097625 -0.026789271662 -0.036152369549
0.325366901347 -0.026791656607 -0.036150599159
0.326976550574 -0.026794453148 -0.036148523234
0.328654983925 -0.02679716931 -0.036146506974
0.330271404489 -0.026800307751 -0.03614417725
0.331946850947 -0.02679632892 -0.036147130812
0.333556337274 -0.02678950737 -0.036152194579
0.335240882481 -0.026791854878 -0.036150451978
0.336850762009 -0.026794641492 -0.036148383422
0.338528971199 -0.026797357274 -0.036146367445
0.340145631096 -0.026800521565 -0.036144018532
0.341820800492 -0.02679658022 -0.036146944267
0.3434305967 -0.026789776277 -0.036151994964
0.345114792042 -0.026792173302 -0.036150215606
0.346725085448 -0.026795017861 -0.036148104036
0.348402779617 -0.02679784549 -0.036146005033
0.350020092272 -0.026801129159 -0.036143567503
0.351694254457 -0.026797663471 -0.036146140149
0.35330570891 -0.026791476787 -0.036150732643
0.354987928883 -0.026793788921 -0.036149016301
0.356600080295 -0.026796521348 -0.036146987969
0.358276076882 -0.0267991918 -0.036145005641
0.359894884346 -0.026802292244 -0.036142704123
0.361567662509 -0.026798823798 -0.036145278817
0.36318057334 -0.026792761339 -0.036149779096
0.364861175102 -0.026795220923 -0.036147953299
0.366475055718 -0.026797992229 -0.036145896106
0.368149351767 -0.02680057568 -0.036143978361
0.369769696192 -0.026803488519 -0.036141816105
0.371441020187 -0.026800068689 -0.03614435471
0.373055527964 -0.026794197301 -0.036148713153
0.374734389794 -0.026796705851 -0.036146851009
0.376350152149 -0.026799666249 -0.036144653449
0.378022233344 -0.02680261982 -0.036142460957
0.379645314101 -0.026806037966 -0.036139923602
0.381313427361 -0.026802909229 -0.036142246123
0.382931372774 -0.026797127655 -0.036146537896
0.384606724213 -0.026799668527 -0.036144651758
0.386226059921 -0.026802702299 -0.036142399731
0.38789446876 -0.026805748695 -0.036140138333
0.38952135799 -0.026809302521 -0.03613750026
0.391185490149 -0.026806327902 -0.036139708377
0.392807592518 -0.026800687424 -0.036143895411
0.39447863374 -0.026803344486 -0.036141923023
0.396102424501 -0.02680650521 -0.036139576758
0.397766236774 -0.026809662217 -0.036137233251
0.399397863719 -0.026813342384 -0.036134501393
0.40105710861 -0.026810492484 -0.036136616928
0.402684236155 -0.026804958801 -0.036140724687
0.404350068777 -0.026807816989 -0.036138602999
0.405979318541 -0.026811196946 -0.036136093992
0.407637417352 -0.026814561892 -0.036133596129
0.409275020611 -0.026818475381 -0.036130691071
0.410928041393 -0.026815808142 -0.036132671014
0.412561605789 -0.026810448936 -0.036136649255
0.414220780852 -0.026813503157 -0.036134382048
0.415856941501 -0.026817112349 -0.036131702876
0.417507864301 -0.026820693137 -0.036129044789
0.419152925681 -0.026824864372 -0.036125948401
0.420798188919 -0.026822442039 -0.036127746546
0.422439816544 -0.026817351092 -0.036131525653
0.424090624907 -0.026820646504 -0.036129079406
0.425735465863 -0.02682454097 -0.036126188469
0.427377382344 -0.026828383771 -0.036123335884
0.429031795451 -0.026832872842 -0.036120003561
0.430667332729 -0.026830760914 -0.036121571286
0.432319056344 -0.026825980746 -0.036125119695
0.433959391194 -0.02682959914 -0.036122433692
0.43561512949 -0.026833882119 -0.036119254355
0.437245708096 -0.026838075952 -0.036116141193
0.438911926361 -0.02684299844 -0.036112487137
0.440535155705 -0.026841297125 -0.036113750056
0.442199687886 -0.026836946772 -0.036116979405
0.443826699513 -0.026840999326 -0.036113971117
0.445496337075 -0.026845815171 -0.036110396224
0.447112416652 -0.026850482983 -0.036106931218
0.448793772388 -0.026856003267 -0.036102833405
0.450401203977 -0.026854812598 -0.036103717262
0.452082180498 -0.026851037048 -0.036106519924
0.45369206662 -0.026855658299 -0.036103089482
0.455379599351 -0.026861197512 -0.036098977619
0.456976982517 -0.026866487031 -0.036095051107
0.458677890196 -0.026872821824 -0.03609034867
0.46026488192 -0.026872307236 -0.036090730658
0.461967180697 -0.026869336907 -0.03609293559
0.463554758846 -0.026874807697 -0.036088874519
0.465265819613 -0.026881545539 -0.036083872889
0.466838305035 -0.026887935811 -0.036079129268
0.468565681322 -0.02689580692 -0.036073286394
0.470124761295 -0.026896178677 -0.036073010432
0.4718560536 -0.026894138026 -0.036074525246
0.473413233962 -0.026901036522 -0.036069404361
0.475156626562 -0.026909593414 -0.036063052417
0.476694938883 -0.026917255645 -0.036057364597
0.478458291266 -0.026926881554 -0.0360502191
0.480089920514 -0.026929095106 -0.036049062553
0.482321282878 -0.02693144826 -0.036049229634
0.483580794037 -0.026940008077 -0.036042943977
0.485632190688 -0.02695503367 -0.036031910361
0.486860881439 -0.026964368581 -0.036025055536
0.488945293166 -0.026981267927 -0.036012645983
0.489774127746 -0.026979598198 -0.036012224616
0.491203179295 -0.026985118327 -0.036010926125
0.4919521988 -0.026982089848 -0.036009972566
0.493472250308 -0.026994573816 -0.036002610221
0.494841224468 -0.027005521807 -0.035994592167
0.496669358271 -0.027022375892 -0.035983192839
0.49691511205 -0.027024240372 -0.03598172835
0.498260149308 -0.027026792932 -0.035975890123
0.499152832524 -0.027036830319 -0.035971966345
0.500328373073 -0.027038063253 -0.035967239068
0.501231825801 -0.02705337314 -0.035959662957
0.502912464923 -0.027071082812 -0.035946148523
0.504599418014 -0.027088834506 -0.035932979541
0.505495481023 -0.027092519884 -0.035926246237
0.506396627952 -0.027107013992 -0.035919316106
0.508263439229 -0.02712712282 -0.035904023151
0.509916053545 -0.027145082017 -0.035890570452
0.510820232982 -0.027153120636 -0.035880235887
0.511756535153 -0.027174502533 -0.035868096365
0.513440140754 -0.027205927135 -0.035843590548
0.51503717868 -0.027241847114 -0.035816667348
0.516060048526 -0.027261913928 -0.035797818222
0.517281016347 -0.027290145268 -0.035779641631
0.518956699054 -0.027338617202 -0.035740776638
0.52038383509 -0.027403726875 -0.035692470989
0.521853349569 -0.027481860278 -0.03563119517
0.523783204615 -0.027616483964 -0.03552921687
