0.225512299423 -0.032489434154 0.031135164495
0.226467101135 -0.032456432112 0.031167480183
0.227285849933 -0.032436440143 0.031190686603
0.228667752838 -0.032405971149 0.031222583178
0.230087653741 -0.032384786488 0.031244448891
0.230859502649 -0.032374791453 0.031252251861
0.231654161473 -0.032371857394 0.031257720023
0.233151174058 -0.032362648358 0.031266489163
0.234547752574 -0.032358403283 0.031271414526
0.235495722307 -0.032353103176 0.031274599758
0.236460989511 -0.032352443148 0.031277542095
0.237840199819 -0.03234795814 0.031281424884
0.239323745432 -0.032344639069 0.031285858948
0.240281174663 -0.0323389515 0.031289084764
0.241213427691 -0.032338787139 0.031291952171
0.242770326585 -0.03233301998 0.031296454911
0.243986654876 -0.032330757417 0.031299570847
0.245222797557 -0.032328578039 0.031300434457
0.246794859854 -0.03232750703 0.031303191923
0.248187275655 -0.032320666838 0.031307520853
0.249296834019 -0.032320969079 0.03131042294
0.251120205246 -0.032318041011 0.031312046241
0.252556033029 -0.032317767591 0.031312642317
0.253914166602 -0.032316848337 0.031312726634
0.255409610535 -0.032315685384 0.031313259097
0.256559364453 -0.032314509178 0.031314761679
0.25854081627 -0.032311521191 0.03131800121
0.260326348209 -0.032307681275 0.031322046168
0.262234600178 -0.032302332946 0.03132705458
0.264583439107 -0.032297145207 0.031334380196
0.26593004388 -0.032292721421 0.031339121021
0.266913914158 -0.032291872964 0.031338988479
0.268365756734 -0.032293693752 0.031338254253
0.269518745336 -0.032293061537 0.031337974886
0.271141661076 -0.032299277309 0.031330990843
0.272315958726 -0.032304437099 0.031327577293
0.274129277107 -0.032305005587 0.031324594313
0.275962299047 -0.032306486118 0.031324750872
0.277175107155 -0.032301157234 0.031328750563
0.278682815179 -0.032298330198 0.031333436997
0.280340676403 -0.032293020536 0.031337389923
0.281751118219 -0.032292169784 0.03133963119
0.283507299854 -0.032290259553 0.03134138125
0.284836172995 -0.032294319699 0.031336099393
0.286378064335 -0.032295557018 0.031333502148
0.288911806964 -0.032296889584 0.031334301693
0.290295619176 -0.032296932588 0.031334831999
0.291729161049 -0.032295105582 0.031335584267
0.294215763348 -0.032291761483 0.031336986061
0.29595379449 -0.032290340591 0.031338232987
0.297990440949 -0.032292711772 0.031335046016
0.299473223718 -0.032292820569 0.031334662997
0.301304544773 -0.032291771011 0.031335753956
0.302763186391 -0.032290782551 0.031336781406
0.304597255558 -0.032289819189 0.031337782769
0.306053258203 -0.032288902987 0.03133873511
0.307887146399 -0.032291961496 0.031335555957
0.309346841424 -0.032292121454 0.031335389689
0.311179278169 -0.032290850315 0.031336710969
0.312636559496 -0.032289728313 0.031337877229
0.314472182557 -0.032288617411 0.031339031951
0.315926478631 -0.032287627084 0.031340061342
0.317762085355 -0.032290742359 0.031336823183
0.319220274708 -0.032291154584 0.031336394697
0.3210538052 -0.03229022923 0.031337356553
0.322510399318 -0.032289351674 0.031338268725
0.32434635083 -0.032288517188 0.031339136127
0.325800638176 -0.032287714636 0.031339970337
0.327636209004 -0.032290706923 0.031336860017
0.329094278894 -0.032291016578 0.031336538148
0.330928032393 -0.032290043464 0.031337549647
0.332384365637 -0.032289158691 0.03133846932
0.334220581577 -0.032288326262 0.031339334585
0.335674628043 -0.03228755584 0.031340135396
0.337510346775 -0.032290650984 0.031336918163
0.33896840237 -0.032291051763 0.031336501575
0.340802036362 -0.032290181786 0.031337405868
0.342258611346 -0.03228937134 0.031338248283
0.344094471052 -0.032288630812 0.031339018022
0.34554898184 -0.032287925417 0.031339751242
0.347384188615 -0.032291024692 0.031336529714
0.348842777099 -0.032291451728 0.031336085832
0.350675798247 -0.032290671577 0.031336896758
0.35213311723 -0.032289961723 0.031337634612
0.353968049365 -0.03228938712 0.03133823188
0.355423712451 -0.032288842068 0.031338798432
0.357257599586 -0.032292023956 0.031335491033
0.358717479069 -0.032292326799 0.031335176244
0.360549414791 -0.032291372379 0.031336168312
0.36200762177 -0.032290550155 0.031337022969
0.363841816156 -0.032289869788 0.031337730174
0.365298104648 -0.032289267395 0.031338356328
0.367131163618 -0.032292800998 0.03133468334
0.368592290959 -0.032293361456 0.031334100774
0.370422667973 -0.032292600728 0.031334891509
0.37188263754 -0.032291880813 0.031335639822
0.37371492495 -0.032291307766 0.031336235473
0.375173217536 -0.032290739055 0.031336826617
0.377004175758 -0.032294379304 0.031333042777
0.378467521785 -0.032295004343 0.031332393083
0.380295617264 -0.032294270282 0.0313331561
0.381757902783 -0.03229357367 0.03133388019
0.383587837152 -0.032293031167 0.031334444092
0.385048522201 -0.032292489147 0.031335007493
0.386877044946 -0.032296165155 0.031331186482
0.388342897397 -0.032296857439 0.03133046689
0.390168357308 -0.032296243629 0.031331104913
0.391633425268 -0.032295640002 0.03133173235
0.393460422847 -0.032295228606 0.031332159974
0.394924205083 -0.03229478835 0.031332617596
0.396749456553 -0.032298615342 0.031328639645
0.39821871383 -0.032299350538 0.031327875449
0.400040724089 -0.032298758897 0.031328490428
0.401509281026 -0.032298190196 0.031329081562
0.403332719278 -0.032297846011 0.031329439323
0.404800156468 -0.032297477381 0.031329822494
0.406621633867 -0.032301405688 0.031325739233
0.408094833058 -0.032302283251 0.031324827054
0.409912680045 -0.032301870622 0.03132525596
0.411385617385 -0.03230143815 0.031325705491
0.413204463942 -0.032301264499 0.031325885991
0.414676699847 -0.032301025895 0.031326134008
0.416493190098 -0.032305097752 0.031321901534
0.417971566132 -0.032306107175 0.031320852293
0.419784042057 -0.032305844662 0.031321125161
0.421262537743 -0.032305533981 0.031321448097
0.423075632743 -0.032305519052 0.031321463614
0.424553818966 -0.032305410296 0.03132157666
0.426364134048 -0.032309678754 0.031317139831
0.427848970351 -0.032310905498 0.031315864698
0.429654664653 -0.03231089222 0.031315878499
0.431140249628 -0.032310778988 0.031315996197
0.432945948586 -0.03231101197 0.031315754025
0.434431837952 -0.032311101168 0.031315661308
0.436234117097 -0.032315654837 0.031310928018
0.437727336088 -0.032317099799 0.031309426059
0.439524342812 -0.032317310958 0.03130920657
0.441018910341 -0.03231740155 0.031309112405
0.442815295357 -0.032317911832 0.031308581994
0.444310861936 -0.032318251143 0.031308229299
0.446103075877 -0.032323118003 0.031303170462
0.447606773289 -0.032324849701 0.031301370457
0.449392888812 -0.032325373418 0.031300826082
0.450898760769 -0.032325751395 0.031300433195
0.452683389497 -0.032326630324 0.031299519596
0.454191199718 -0.032327308552 0.031298814615
0.455970651576 -0.032332589193 0.031293325676
0.457487722682 -0.032334795076 0.03129103278
0.459259780936 -0.032335837053 0.031289949702
0.460780381215 -0.032336671036 0.031289082822
0.462549594573 -0.032338091449 0.03128760638
0.464073526494 -0.032339253678 0.031286398306
0.465836064467 -0.032345200449 0.031280216961
0.46737093836 -0.032348030752 0.031277275015
0.469124341421 -0.032349685873 0.031275554607
0.470664397696 -0.032351069356 0.031274116552
0.472413375848 -0.032353071563 0.031272035367
0.473958312095 -0.032354768642 0.031270271345
0.475677862736 -0.032360954107 0.031263781409
0.477337201315 -0.032366108925 0.031258984915
0.479359241668 -0.032372474872 0.031253936248
0.480814211563 -0.032377186848 0.031249592737
0.483122368696 -0.032387941372 0.031240941555
0.484293939887 -0.032391790895 0.031235919809
0.485630222504 -0.032397086623 0.031229518294
0.487187648425 -0.032396359533 0.031227619725
0.488097945583 -0.032402412073 0.031225907343
0.489667690055 -0.032404828805 0.031223505011
0.491363909416 -0.032408921967 0.03121939902
0.492303141337 -0.032409918789 0.031216443781
0.493386635988 -0.032415459013 0.03121245522
0.494798444554 -0.032420793081 0.031206104355
0.496011318764 -0.032426874373 0.031200381872
0.497013982765 -0.032430077627 0.031195786469
0.498073545843 -0.03243578576 0.031191166978
0.499229539675 -0.032439478323 0.031186258486
0.500123255515 -0.032443283248 0.031182124579
0.501550285356 -0.032448777763 0.031178068881
0.503211736447 -0.032460547603 0.03116576209
0.5040639828 -0.032462592469 0.03115921864
0.50492293441 -0.032473519718 0.031152207266
0.506577438299 -0.032486773973 0.031138229799
0.50822452672 -0.03250108115 0.031123453233
0.509117367444 -0.032504108007 0.031115959579
0.510177046999 -0.032517217537 0.031106070646
0.511709815624 -0.032529704299 0.031090577416
0.512911710157 -0.032544367453 0.031077014389
0.514302073708 -0.03256020284 0.031060183534
0.516008869674 -0.03258335786 0.031036921228
0.517025597945 -0.032593784043 0.03102132072
0.518025980349 -0.032617405937 0.031001505869
0.519922248663 -0.03266583317 0.030949071121
0.521552224531 -0.032722296182 0.030889788446
0.522818899465 -0.032769929126 0.03083622263
0.524400366294 -0.032846359396 0.030757719048
