0.225 -0.034212590996 -0.007381227932
0.225 -0.0345034717 -0.007507760276
0.225 -0.034834124382 -0.007654922106
0.225 -0.035214685304 -0.007827135139
0.225 -0.035641976598 -0.008022043327
0.225 -0.036141591576 -0.008250870752
0.225 -0.036512588994 -0.008422431678
0.225 -0.036888052136 -0.008595996821
0.225 -0.03719285313 -0.008740646971
0.225 -0.03768886507 -0.008977520434
0.225 -0.038058915118 -0.009158164562
0.225 -0.038510934407 -0.009382536707
0.225 -0.0389416132 -0.009596313627
0.225 -0.039342984711 -0.009800117325
0.225 -0.039809202805 -0.010037527866
0.225 -0.040279105012 -0.010279650113
0.225 -0.04073765533 -0.010516096821
0.225 -0.041253495671 -0.010790255486
0.225 -0.041571209168 -0.010960060731
0.225 -0.042174870988 -0.011287378798
0.225 -0.042749049421 -0.011603985466
0.225 -0.043083213282 -0.011791127905
