0.226099058036 -0.019120278975 -0.04073554881
0.226928216493 -0.019034870493 -0.040774712026
0.22810626805 -0.018942229986 -0.040818785286
0.228794256622 -0.018901457016 -0.040836555017
0.229532992269 -0.018877693333 -0.040848676153
0.230518523177 -0.018858044726 -0.040856873155
0.231787496945 -0.01883484925 -0.040868661809
0.23242206833 -0.018820518617 -0.040874004238
0.233435985838 -0.01880836033 -0.040880524292
0.234427348494 -0.018794348954 -0.040885652977
0.235218725502 -0.018789681722 -0.040889113335
0.23645941371 -0.018779998254 -0.04089371356
0.237604142194 -0.018765367409 -0.040899810878
0.238731313893 -0.018754604803 -0.040905285557
0.239942078231 -0.018742291503 -0.040910423377
0.241004649782 -0.018733894726 -0.040914444319
0.242272338719 -0.018724917921 -0.040918455199
0.243265346879 -0.018718601089 -0.040921048634
0.244941042251 -0.01871333516 -0.040924279839
0.24581647144 -0.018702660574 -0.04092585705
0.246922736475 -0.018705466397 -0.040927433176
0.248368103154 -0.018696576228 -0.040929489014
0.249517598093 -0.018697207736 -0.040930792687
0.250921139667 -0.01869414366 -0.040932206092
0.252200244988 -0.018683266313 -0.040936105057
0.253784552974 -0.018670759385 -0.040940764035
0.255480936826 -0.018667547855 -0.040945269946
0.256817963852 -0.018663710097 -0.04094601092
0.25816924695 -0.018662934675 -0.040946003387
0.260209998689 -0.018660616893 -0.040946235067
0.261753970874 -0.018658296812 -0.040947663795
0.263203529242 -0.018655512677 -0.040948935581
0.264765045808 -0.018656660277 -0.040950236566
0.266196698945 -0.018649712959 -0.040951634835
0.267638276636 -0.018642172122 -0.040954960679
0.269135431781 -0.018631541583 -0.040959527742
0.271053495223 -0.018629125777 -0.040960923403
0.272382181505 -0.018628200222 -0.040961430921
0.27437158293 -0.018628211477 -0.04096175146
0.275631418388 -0.018628943644 -0.040961534485
0.277721204703 -0.018629555324 -0.040962173558
0.278808465888 -0.018627615517 -0.04096286326
0.279968927102 -0.018629328469 -0.040962097292
0.282138860729 -0.018631499235 -0.040961119453
0.283297929059 -0.018631940583 -0.040960916169
0.285467167727 -0.018631719819 -0.040960996804
0.286629274652 -0.01863086959 -0.04096136531
0.288042907707 -0.0186201702 -0.040966803631
0.289948717091 -0.018615884228 -0.040968428909
0.291082047082 -0.018618916528 -0.040967014601
0.293235782509 -0.018622687244 -0.040965255884
0.294376464861 -0.018623742965 -0.04096476348
0.296526506308 -0.018623703688 -0.0409647818
0.297662349328 -0.018615072002 -0.040968807743
0.299826239036 -0.018610470434 -0.040970953981
0.300952850214 -0.01861370297 -0.04096944628
0.303112857061 -0.018617981106 -0.040967450895
0.304247765015 -0.018619315563 -0.040966828485
0.306403015777 -0.018619891358 -0.040966559926
0.307534152191 -0.01861143975 -0.040970501878
0.309702439065 -0.018607147553 -0.040972503821
0.310824919072 -0.01861049145 -0.040970944179
0.312988820886 -0.018615031837 -0.040968826477
0.31412007923 -0.018616492132 -0.040968145374
0.316278732558 -0.018617332846 -0.040967753253
0.317406774144 -0.018609103078 -0.040971591736
0.319577835123 -0.01860509634 -0.040973460537
0.32069780615 -0.018608574134 -0.040971838443
0.322863946856 -0.018613407829 -0.040969583938
0.323993246025 -0.018615017252 -0.04096883328
0.326153571794 -0.018616162375 -0.040968299178
0.327280233299 -0.018608090633 -0.040972063955
0.32945239018 -0.018604375362 -0.040973796812
0.330571527939 -0.018607977106 -0.040972116906
0.332738280087 -0.01861303772 -0.040969756562
0.333867177505 -0.018614751899 -0.040968957044
0.336027724459 -0.018616077872 -0.040968338591
0.337154340326 -0.018608102948 -0.040972058211
0.339326342315 -0.018604608045 -0.040973688284
0.34044585096 -0.018608331065 -0.040971951814
0.342612007471 -0.018613625899 -0.040969482227
0.343741729235 -0.018615467613 -0.040968623224
0.345901217725 -0.018617036363 -0.040967891537
0.347029096406 -0.01860914189 -0.040971573634
0.349199658673 -0.018605846356 -0.040973110718
0.350320803277 -0.0186096804 -0.040971322465
0.352485130697 -0.018615169692 -0.040968762179
0.353616873887 -0.018617121171 -0.040967851981
0.355774147884 -0.018618885536 -0.040967029056
0.356904433231 -0.018611099413 -0.040970660616
0.359072400962 -0.018607992689 -0.040972109638
0.360196342928 -0.01861195874 -0.040970259814
0.362357634855 -0.018617692686 -0.040967585419
0.363492666614 -0.018619799809 -0.040966602626
0.365646365398 -0.018621861923 -0.040965640826
0.366780591783 -0.018614356686 -0.040969141377
0.368944339579 -0.018611410215 -0.040970515654
0.370072623556 -0.018615409106 -0.040968650513
0.372229438181 -0.018621324205 -0.040965891625
0.373369184039 -0.018623624724 -0.04096481863
0.375517723992 -0.018626196888 -0.040963618935
0.376658316384 -0.018620091029 -0.040966466796
0.378813886334 -0.018618611022 -0.040967157093
0.379951224791 -0.018622530048 -0.040965329203
0.382099438949 -0.018627806886 -0.040962868009
0.383247060639 -0.018629599487 -0.040962031914
0.385388923807 -0.018630783 -0.040961479906
0.38653523431 -0.018624549429 -0.040964387334
0.388685004987 -0.01862332551 -0.040964958187
0.389828559602 -0.018627647846 -0.040962942188
0.391969889544 -0.018633578062 -0.040960176249
0.393125038498 -0.018635734415 -0.040959170494
0.395258765958 -0.018637516571 -0.040958339271
0.396413656502 -0.018631387172 -0.040961198112
0.398554606071 -0.018630440384 -0.040961639707
0.399707315566 -0.018635013526 -0.040959506728
0.401839101418 -0.018641308561 -0.040956570632
0.403004182729 -0.01864371423 -0.040955448593
0.405127565677 -0.018645898988 -0.04095442959
0.406293171091 -0.018639952793 -0.040957202982
0.408423051175 -0.018639383706 -0.040957468412
0.409587260306 -0.01864425953 -0.040955194257
0.411707084406 -0.018650982825 -0.040952058415
0.412884592496 -0.01865369578 -0.040950793053
0.414995046989 -0.018656366769 -0.040949547266
0.416174044345 -0.018650667455 -0.040952205508
0.418290063683 -0.018650593009 -0.040952240231
0.41946870194 -0.018655873216 -0.040949777466
0.421573477617 -0.018663171689 -0.040946373352
0.422766667174 -0.018666310773 -0.040944909238
0.424860746171 -0.0186696534 -0.040943350188
0.42605673578 -0.01866425799 -0.040945866686
0.428155223463 -0.018664732829 -0.040945645214
0.429352033754 -0.018670476659 -0.040942966208
0.43143796078 -0.018678381735 -0.040939279166
0.432650689733 -0.018682006787 -0.040937588389
0.434724469612 -0.018686065121 -0.040935695523
0.435941488483 -0.018681108897 -0.040938007178
0.438018155631 -0.01868239613 -0.040937406794
0.439237748381 -0.018688849069 -0.04093439705
0.441299860406 -0.01869767824 -0.040930278996
0.442537449036 -0.018702031595 -0.040928248529
0.444585257096 -0.018707120735 -0.04092587488
0.445829279871 -0.018702766183 -0.040927905906
0.447877918288 -0.018705072746 -0.040926830092
0.44912677961 -0.018712467451 -0.040923381094
0.451158285283 -0.018722470862 -0.040918715358
0.45242785497 -0.018727824388 -0.040916218396
0.454442196321 -0.018734263259 -0.040913215213
0.455721084898 -0.018730771965 -0.040914843603
0.457733459757 -0.018734426142 -0.040913139242
0.459020279322 -0.018743153769 -0.040909068551
0.461011976884 -0.018754750251 -0.040903659783
0.46232328667 -0.01876156659 -0.040900480544
0.464293782421 -0.018769872983 -0.040896606322
0.465618406466 -0.01876750343 -0.040897711515
0.467583195308 -0.018772962937 -0.040895165123
0.468920048967 -0.018783757431 -0.040890130414
0.470859070608 -0.018797465705 -0.040883736676
0.472225726922 -0.018806394433 -0.040879572188
0.474138140635 -0.018816915276 -0.040874665114
0.475522469938 -0.018814898769 -0.040875605642
0.477426315057 -0.018821964148 -0.040872310247
0.478827990724 -0.018837287172 -0.040865163367
0.480695274232 -0.018857406363 -0.040855779484
0.482142241102 -0.018873483439 -0.040848280903
0.483963881376 -0.018893405396 -0.040838989013
0.485449294265 -0.01889829565 -0.040836708128
0.487194991141 -0.018906143067 -0.040832794378
0.488660081179 -0.018916707084 -0.040827983202
0.490227448301 -0.018928852456 -0.040822125797
0.491829909704 -0.018943402363 -0.04081566245
0.493256991369 -0.018957149992 -0.040809265714
0.49513871013 -0.018985546398 -0.040797262162
0.4963501379 -0.019004192721 -0.040789276933
0.497207062748 -0.019016806035 -0.040784007029
0.498854496421 -0.019036249678 -0.040773065891
0.499988694229 -0.019053224624 -0.040764903252
0.50135709361 -0.019074500647 -0.040754242705
0.502358840525 -0.019093373106 -0.040748083717
0.503867282887 -0.019110807469 -0.040738332444
0.505065341466 -0.019130885577 -0.040729989277
0.506376578439 -0.019150064577 -0.040720519723
0.50803934137 -0.019180316029 -0.040707649045
0.508785593457 -0.019188328867 -0.040699599706
0.50986253804 -0.019223007234 -0.040686856249
0.511377869509 -0.019273261889 -0.040661722111
0.512728878003 -0.019328943266 -0.04063637769
0.513946108107 -0.019376420021 -0.040611919849
0.515345734434 -0.019445278222 -0.04058088716
0.516512559501 -0.019497325031 -0.040553364055
0.517572888945 -0.01953585801 -0.040537706276
0.519247015135 -0.019621851975 -0.040496254598
0.520760340901 -0.019739648888 -0.040438493555
0.521970512595 -0.019854925954 -0.040380514478
0.523702914493 -0.020071331434 -0.040275490027
