0.225289407473 -0.044424060736 -0.007175294983
0.225671284861 -0.044423130428 -0.007181944813
0.226157629893 -0.044421974844 -0.007189002228
0.226735774273 -0.044421082077 -0.007194992919
0.227025852312 -0.044420489744 -0.007197075886
0.227358694806 -0.04442042521 -0.007198743733
0.228010797248 -0.044419756082 -0.007201156889
0.228568983834 -0.044419804078 -0.007202760817
0.229020958177 -0.044419411513 -0.007204039031
0.229608442287 -0.044419297778 -0.007205546108
0.229985822706 -0.044419125322 -0.007206436314
0.230473234897 -0.044418933953 -0.007207475402
0.230959363638 -0.044418689537 -0.007208378886
0.23153202239 -0.044418537583 -0.007209273029
0.232264981433 -0.044418588074 -0.007210298948
0.232840643068 -0.044418286367 -0.007211037193
0.233460873111 -0.044418153634 -0.007211760511
0.234149369002 -0.044417983932 -0.007212466005
0.235006865086 -0.044418092283 -0.007213224238
0.235516726244 -0.044416525479 -0.00721355823
0.236377777942 -0.044417768159 -0.007214188711
0.237013186348 -0.044416196572 -0.007214734839
0.237720867544 -0.044417525204 -0.007215401495
0.23850967885 -0.044415997277 -0.007216242614
0.239063559919 -0.044417421559 -0.007216876386
0.240186183544 -0.044416816049 -0.007217654031
0.240991352112 -0.044416746768 -0.00721795154
0.242222741334 -0.044415678306 -0.007218417518
0.243328395594 -0.044417098691 -0.007218858629
0.244259287776 -0.044415659728 -0.007219278511
0.245790491296 -0.04441659972 -0.007219666413
0.246759184304 -0.044416160441 -0.007220804045
0.247897076342 -0.044415437711 -0.007221976856
0.249363505407 -0.044414533622 -0.007222932667
0.251035319384 -0.044416101884 -0.007223241934
0.251947146352 -0.044415767733 -0.007222706155
0.253072310785 -0.044415516001 -0.007221348984
0.254617776705 -0.044414319209 -0.007221024256
0.256260544626 -0.044414828696 -0.007222103071
0.257565928803 -0.044414870835 -0.007222972505
0.259524245964 -0.044416161883 -0.00722435473
0.260514178064 -0.044415282156 -0.007225076348
0.26169985697 -0.044414616718 -0.007225973869
0.263558397677 -0.04441389794 -0.007226100566
0.264961280701 -0.04441368404 -0.007226972431
0.266793736403 -0.044413364946 -0.007227764221
0.268253628771 -0.044413393183 -0.007227610042
0.270027193236 -0.044413393047 -0.007226586411
0.271547930367 -0.044413699954 -0.007224887108
0.273278974279 -0.04441361637 -0.007224742713
0.274840080289 -0.044413916595 -0.007222876592
0.276566938743 -0.044414342204 -0.007220227438
0.278133348703 -0.044414543406 -0.007218979705
0.279856525807 -0.04441463188 -0.007218424842
0.281424305283 -0.044414528057 -0.007219071791
0.283147638827 -0.044414565928 -0.007218832337
0.284715792821 -0.044414579873 -0.007218745724
0.286439118716 -0.044414534412 -0.00721902809
0.288006802424 -0.044414480773 -0.007219361251
0.289730909719 -0.044414416487 -0.00721976054
0.291297682859 -0.044414345798 -0.007220199604
0.293022360989 -0.044414392919 -0.007219906924
0.294589337168 -0.044414425757 -0.007219702962
0.296313645742 -0.0444144156 -0.007219766052
0.297880548852 -0.044414382783 -0.007219969883
0.299605315333 -0.044414331396 -0.007220289057
0.301171477411 -0.044414261174 -0.007220725217
0.30289675325 -0.044414311536 -0.007220412406
0.304463168344 -0.044414351305 -0.007220165395
0.306187986768 -0.044414348447 -0.007220183149
0.307754427347 -0.044414321473 -0.007220350689
0.309479613946 -0.044414276023 -0.007220632988
0.311045393914 -0.04441421042 -0.007221040456
0.312771017658 -0.044414265664 -0.00722069733
0.31433711929 -0.044414310118 -0.007220421218
0.316062215944 -0.044414312359 -0.007220407297
0.317628410997 -0.044414289369 -0.007220550093
0.31935381437 -0.044414247921 -0.007220807535
0.320919402754 -0.044414185312 -0.007221196405
0.322645195616 -0.044414243801 -0.007220833124
0.324211150445 -0.044414291208 -0.007220538673
0.325936371612 -0.044414296687 -0.007220504637
0.32750246338 -0.044414276354 -0.007220630927
0.329227950331 -0.044414237722 -0.007220870879
0.330793473472 -0.04441417739 -0.00722124561
0.332519313909 -0.044414238509 -0.007220865989
0.334085239885 -0.044414288485 -0.00722055558
0.335810469729 -0.044414296999 -0.007220502698
0.337376573119 -0.04441427927 -0.007220612818
0.339102028306 -0.044414243628 -0.007220834194
0.340667603199 -0.044414185857 -0.007221193021
0.342393373134 -0.044414249624 -0.007220796957
0.343959382833 -0.044414300624 -0.007220480183
0.345684519715 -0.04441431068 -0.007220417728
0.347250729674 -0.044414295188 -0.007220513949
0.348976057487 -0.044414263087 -0.007220713333
0.35054178706 -0.044414209359 -0.007221047046
0.352267378875 -0.044414275593 -0.00722063566
0.35383355683 -0.044414321387 -0.007220351224
0.355558567138 -0.044414325072 -0.007220328336
0.357124870045 -0.044414306611 -0.007220442997
0.358850118775 -0.044414273628 -0.007220647861
0.360415931481 -0.044414221907 -0.007220969107
0.362141411629 -0.044414294058 -0.007220520965
0.363707815029 -0.044414365535 -0.00722007701
0.365432403439 -0.0444143981 -0.007219874744
0.366999287099 -0.04441439488 -0.007219894744
0.368723873539 -0.044414369303 -0.00722005361
0.370290359774 -0.044414313298 -0.007220401467
0.372015199324 -0.044414380587 -0.007219983523
0.373582156036 -0.044414432683 -0.007219659946
0.37530633948 -0.044414443427 -0.00721959321
0.376873512947 -0.044414430044 -0.007219676339
0.378597855457 -0.044414401888 -0.007219851217
0.380164602604 -0.044414353178 -0.007220153766
0.381889131687 -0.044414426936 -0.007219695643
0.383456448575 -0.044414486369 -0.007219326493
0.385180214261 -0.044414505769 -0.007219205997
0.386747856362 -0.04441449786 -0.00721925512
0.388471695073 -0.044414473996 -0.007219403343
0.390038966822 -0.044414426772 -0.00721969666
0.391762956779 -0.044414503077 -0.007219222714
0.393330833138 -0.044414565614 -0.00721883429
0.395054014842 -0.044414588718 -0.007218690785
0.396622266399 -0.04441458418 -0.007218718974
0.398345468849 -0.04441456439 -0.007218841889
0.399913404764 -0.044414520842 -0.007219112376
0.401636700881 -0.044414601713 -0.00721861007
0.403205301685 -0.044414668184 -0.00721819721
0.404927728449 -0.044414695824 -0.007218025534
0.406496766307 -0.04441469546 -0.007218027792
0.408219149374 -0.044414680684 -0.007218119569
0.409787939178 -0.044414641706 -0.00721836167
0.411510347163 -0.044414727517 -0.00721782868
0.413079868994 -0.044414798184 -0.007217389755
0.414801339873 -0.044414831309 -0.00721718401
0.416371373474 -0.04441483653 -0.007217151581
0.418092714571 -0.044414829008 -0.007217198301
0.419662598201 -0.044414797178 -0.007217396002
0.42138386523 -0.044414888932 -0.007216826108
0.422954542944 -0.044414957803 -0.007216398338
0.424674871836 -0.044414988864 -0.007216205409
0.426246043885 -0.044414995166 -0.007216166268
0.427966227728 -0.044414991786 -0.00721618726
0.429537307623 -0.044414966649 -0.007216343392
0.431257313897 -0.044415069621 -0.007215703814
0.432829396332 -0.044415167258 -0.007215097377
0.434548099319 -0.044415230985 -0.007214701558
0.436121087117 -0.044415257348 -0.007214537811
0.437839332006 -0.044415268126 -0.007214470868
0.439412412879 -0.044415246058 -0.007214607938
0.441130390161 -0.044415353741 -0.007213939097
0.44270448361 -0.044415441673 -0.007213392936
0.444421248454 -0.044415494866 -0.007213062548
0.445996135002 -0.044415520823 -0.007212901325
0.44771245174 -0.044415540173 -0.00721278114
0.449287552835 -0.044415535104 -0.007212812624
0.451003385734 -0.044415660272 -0.007212035183
0.452579752974 -0.044415766661 -0.007211374382
0.454294097826 -0.044415842002 -0.007210906424
0.455871550499 -0.044415886397 -0.007210630681
0.457585164043 -0.044415925379 -0.007210388561
0.459163096783 -0.044415936354 -0.007210320391
0.460875969316 -0.044416081229 -0.00720942055
0.46245543794 -0.044416207078 -0.007208638881
0.464166529218 -0.044416305228 -0.007208029252
0.465747394467 -0.044416370974 -0.00720762089
0.467457427886 -0.044416435139 -0.007207222355
0.469039115835 -0.044416469559 -0.007207008565
0.470748044903 -0.044416643275 -0.007205929586
0.472331651812 -0.044416794391 -0.007204990977
0.474038402678 -0.044416923412 -0.007204189604
0.475623831318 -0.044417020218 -0.007203588329
0.477329049795 -0.044417123189 -0.007202948761
0.478915830489 -0.044417195959 -0.007202496772
0.480619369648 -0.044417413859 -0.00720114336
0.482208663806 -0.044417603374 -0.007199966249
0.483909481639 -0.04441776226 -0.007198979381
0.485501013056 -0.044417876345 -0.007198270779
0.487200052006 -0.044417983353 -0.007197606137
0.488793001431 -0.044418049088 -0.007197197846
0.490489994111 -0.044418378938 -0.007195149092
0.492085506251 -0.044418365266 -0.007195234006
0.493781922841 -0.044418222761 -0.007196119132
0.495376215869 -0.044418182849 -0.00719636703
0.497073322004 -0.044418213665 -0.007196175627
0.498668136685 -0.044418336828 -0.007195410644
0.500363371511 -0.044418579421 -0.007193903858
0.50187003062 -0.044418888017 -0.007193045289
0.503676635577 -0.044420194756 -0.007191205274
0.504891086623 -0.044420984336 -0.007189306402
0.506018619204 -0.044422276872 -0.007186970216
0.507914081337 -0.044421676937 -0.007182032318
0.509200675157 -0.044422085045 -0.007177819063
0.510816637086 -0.044422267853 -0.007174419312
0.512195183822 -0.044423656537 -0.007170631297
0.513279793515 -0.044424553519 -0.007167784069
0.514136525099 -0.044425593612 -0.007165517295
0.515860014252 -0.044424187621 -0.007160962067
0.517152243974 -0.044424875085 -0.007157646293
0.518491056965 -0.044426459324 -0.007151932095
0.51955345733 -0.044427896607 -0.007144496142
0.520865675218 -0.044429631581 -0.007133533632
0.521938426789 -0.044430974415 -0.00712396628
0.523196270087 -0.044433675321 -0.007111395318
0.524327688039 -0.044434757024 -0.007099457111
