0.225 -0.034968745476 -0.00147750621
0.225 -0.035043227592 -0.001483629383
0.225 -0.035195687429 -0.001496173609
0.225 -0.035320131848 -0.001506471751
0.225 -0.03543138777 -0.001515593213
0.225 -0.035577579027 -0.001527607027
0.225 -0.035667092284 -0.00153503273
0.225 -0.035811182395 -0.001546839861
0.225 -0.03592025069 -0.001555947818
0.225 -0.036023314913 -0.001564526009
0.225 -0.036173459058 -0.001577101346
0.225 -0.036351553868 -0.001592010285
0.225 -0.03651205999 -0.001605583454
0.225 -0.036760773587 -0.001626514458
0.225 -0.036931970384 -0.001641228401
0.225 -0.037136227295 -0.001658536154
0.225 -0.037352155054 -0.001677339607
0.225 -0.037536041768 -0.001693217353
0.225 -0.037725275515 -0.001709745913
0.225 -0.037971904025 -0.001731026736
0.225 -0.038102860793 -0.001742548335
0.225 -0.038331882815 -0.001762652702
0.225 -0.038472669575 -0.001775268353
0.225 -0.03871728948 -0.001796946507
0.225 -0.0389563609 -0.001818122806
0.225 -0.039153717516 -0.001835931283
0.225 -0.039429657005 -0.001860918473
0.225 -0.039608557695 -0.00187710573
0.225 -0.039865462583 -0.001900145759
0.225 -0.040103948926 -0.001922150874
0.225 -0.040292415538 -0.001939388744
0.225 -0.040597447165 -0.001967806222
0.225 -0.040874245155 -0.001993203872
0.225 -0.0410909443 -0.002013671601
0.225 -0.041263700283 -0.00202975305
0.225 -0.04157397797 -0.002058997465
0.225 -0.041775525331 -0.002077945787
0.225 -0.042079360381 -0.00210689705
0.225 -0.042255401515 -0.002123670459
0.225 -0.042440139772 -0.002141472521
0.225 -0.042742110066 -0.002170362916
0.225 -0.042978566248 -0.00219344358
0.225 -0.043153742279 -0.002210296531
0.225 -0.043296680953 -0.002224268042
0.225 -0.043506235033 -0.002244590335
0.225 -0.04364847416 -0.002258519751
0.225 -0.043858635555 -0.00227913711
0.225 -0.044024777779 -0.002295432515
0.225 -0.044196404597 -0.002312437214
0.225 -0.044386784985 -0.002331270587
0.225 -0.044526782198 -0.002345321614
0.225 -0.044745712557 -0.002367431489
0.225 -0.044841614412 -0.002377145263
