0.523752709186 -0.024426505545 0.02506653211
0.521975109384 -0.024928801449 0.024563223532
0.520321201957 -0.025300278046 0.024183940269
0.519187954307 -0.025503659143 0.023967965748
0.517581815427 -0.025725563815 0.023730949125
0.516407836284 -0.025842389249 0.023601075827
0.514969406682 -0.025981117552 0.023450223872
0.513845460587 -0.026077227156 0.023340294399
0.512866019877 -0.026159301674 0.023252256031
0.511284334089 -0.026273984863 0.02312238663
0.509728528733 -0.026365076819 0.02301855275
0.508860960262 -0.02640720225 0.022966082878
0.507885532494 -0.026461156187 0.022908129126
0.506292060837 -0.026535903193 0.02281966788
0.504579092143 -0.026610687262 0.022734120293
0.503592245724 -0.026645025286 0.02268845492
0.502674459745 -0.026683439612 0.022649059456
0.50088818026 -0.026741747762 0.022579131003
0.499540093324 -0.026783815344 0.022526625544
0.497927720465 -0.026832055912 0.022468206436
0.496797091867 -0.026866982334 0.022430951677
0.494963188383 -0.02690848665 0.022375441036
0.493184126706 -0.026949917627 0.022328812305
0.491722240718 -0.026979186192 0.022294503984
0.490595870102 -0.027000472221 0.022269595215
0.488485267096 -0.027034194926 0.022225635918
0.486890549016 -0.027059238947 0.022195235701
0.485243352816 -0.027083123855 0.02216579344
0.483196494004 -0.027112252686 0.02213281935
0.481997943251 -0.027127421519 0.022115266664
0.480791053222 -0.027137406296 0.022102041682
0.478700517375 -0.027153520983 0.022080611735
0.477258094098 -0.027164239057 0.022067083352
0.475399732103 -0.027176775089 0.022050761167
0.473730430334 -0.027187673239 0.022037606141
0.472096012956 -0.027197148315 0.0220256633
0.470224728405 -0.027210513402 0.022010247113
0.468802886527 -0.027218314519 0.022000707658
0.466874560693 -0.027227677155 0.021989402639
0.465518708861 -0.027233626027 0.021982164039
0.463529643988 -0.027241125568 0.021973172297
0.462231700843 -0.027245399542 0.021968009309
0.46020527983 -0.027254873397 0.021956442904
0.458951238141 -0.027259049295 0.021951346585
0.456898572563 -0.027264979111 0.021944115425
0.455667196692 -0.02726813874 0.021940260989
0.453595337892 -0.027272561117 0.021934871579
0.452381196331 -0.027274755724 0.021932196174
0.450291330159 -0.027281310786 0.021924192421
0.449096853201 -0.027283606346 0.021921390067
0.446991888245 -0.02728700594 0.021917240738
0.44580949266 -0.027288640278 0.021915245889
0.443694885466 -0.027290926627 0.021912456041
0.442520743291 -0.027291920738 0.02191124303
0.44039538157 -0.027296761263 0.021905332541
0.439234215919 -0.027298038049 0.021903773745
0.437099601475 -0.027299906584 0.021901492727
0.435944959194 -0.027300712728 0.021900508644
0.433805632958 -0.027301733768 0.021899262513
0.432654665925 -0.027302078672 0.021898841656
0.430511803127 -0.027305870823 0.02189418152
0.429368436437 -0.027306564662 0.021893306165
0.427227998946 -0.027307471224 0.021892138652
0.426080374936 -0.027307796682 0.021891713469
0.423945655717 -0.027308009103 0.021891394257
0.422791472998 -0.027307966336 0.021891419552
0.420656197226 -0.027311083738 0.021887585278
0.419504205622 -0.027311470516 0.021887089838
0.417371945085 -0.027311839686 0.021886589087
0.416215129083 -0.027311906636 0.021886484946
0.41408895628 -0.027311681771 0.021886710938
0.412925329746 -0.027311428216 0.021886999281
0.410796162376 -0.027314162893 0.021883662081
0.40963587029 -0.027314385298 0.021883397221
0.407501727405 -0.027314475167 0.021883303181
0.406343886862 -0.027314397242 0.021883405691
0.404208472609 -0.027313936906 0.021883984542
0.403051233182 -0.027313561178 0.021884451224
0.400912946387 -0.027316096018 0.021881353706
0.399761835453 -0.027316201212 0.021881227105
0.397620850682 -0.027316098653 0.021881356938
0.396470078151 -0.027315925103 0.021881571183
0.394329857455 -0.02731530562 0.021882333087
0.393177692954 -0.027314854604 0.021882886588
0.391038032407 -0.027317250154 0.021879935185
0.389889462722 -0.027317287905 0.021879868091
0.387754372291 -0.027317077224 0.021880080433
0.38659953827 -0.027316860142 0.021880325475
0.384471720756 -0.027316176841 0.021881116542
0.383309037731 -0.027315703314 0.021881675953
0.381183640525 -0.027317888422 0.021878976125
0.380020930753 -0.027317956077 0.021878869215
0.377901513884 -0.027317762147 0.021879052971
0.376731392021 -0.02731753506 0.021879307465
0.374620542706 -0.027316805994 0.021880147158
0.37344119613 -0.027316281458 0.021880766736
0.371437801569 -0.027317094705 0.021878579661
0.370176270646 -0.027317086618 0.021878570605
0.368156159588 -0.027316729996 0.021878953937
0.366886571596 -0.027316435323 0.02187929755
0.364875391247 -0.027315623514 0.021880240839
0.363596246472 -0.027315039729 0.021880940603
0.361636293014 -0.027316664011 0.021878579321
0.360332251663 -0.027316734277 0.021878320021
0.358490168832 -0.027316232779 0.021878300586
0.357075767969 -0.027316199662 0.021878341843
0.355344619556 -0.027315498443 0.02187874373
0.353818846988 -0.027315318971 0.02187914298
0.352122285325 -0.027316496092 0.021877671703
0.350528303251 -0.027316619322 0.021877515356
0.348829003883 -0.027316463213 0.02187771438
0.347236211934 -0.027316269205 0.021877953359
0.345536561095 -0.02731577549 0.021878573036
0.343943579853 -0.027315265487 0.02187920571
0.342235367891 -0.027316465156 0.021877722343
0.34064890112 -0.027316540543 0.021877599146
0.338921081273 -0.02731638227 0.021877853695
0.337351901407 -0.027316123089 0.021878150903
0.335607703233 -0.02731559321 0.021878871272
0.33405431891 -0.027315006792 0.021879578766
0.332312811761 -0.027316305481 0.021877948479
0.330768977378 -0.027316466809 0.021877771345
0.329045736806 -0.027316280011 0.021877941379
0.327483314838 -0.027316138205 0.021878145964
0.325779470093 -0.027315620385 0.021878733016
0.324197118974 -0.027315169586 0.021879327567
0.322462038907 -0.027316276511 0.021877986064
0.320886235192 -0.027316133262 0.02187806078
0.319058351263 -0.027316005247 0.021878584558
0.317569142263 -0.027315586327 0.021879097898
0.315655641414 -0.027315067036 0.021880199193
0.314251436144 -0.027314407589 0.021881102949
0.312318984661 -0.027316054459 0.021879073164
0.31096492252 -0.027316065108 0.021879053694
0.309037392711 -0.027315720201 0.021879449155
0.307677661076 -0.027315407815 0.021879828335
0.305756737964 -0.027314607109 0.021880786334
0.304389747226 -0.027313969969 0.021881566561
0.302455779736 -0.027315686816 0.021879617737
0.301102501452 -0.02731567973 0.02187963611
0.299164697242 -0.027315368188 0.021880064941
0.297817679085 -0.027315069066 0.021880443774
0.295874497026 -0.027314337557 0.021881390416
0.29453227224 -0.027313749572 0.021882125423
0.292570046647 -0.027314927117 0.021880738033
0.291241111185 -0.027314376563 0.021881535082
0.289214203448 -0.027313026428 0.021883646692
0.287942681874 -0.027311742057 0.021885390189
0.28586087935 -0.027309089905 0.021889137022
0.284642573496 -0.027307131231 0.021891745409
0.283382294986 -0.027310444376 0.021889058333
0.281251705253 -0.027310168896 0.021887123848
0.279823472657 -0.027310266672 0.021886462539
0.277848456342 -0.027309043002 0.021886617807
0.276118300754 -0.027308760929 0.021887477475
0.274443544564 -0.027307053412 0.021889257739
0.272726392126 -0.027300922692 0.021895318022
0.270514048456 -0.027300628035 0.021897812702
0.26891282231 -0.027300190057 0.021899415165
0.267551584827 -0.027301054661 0.021900623001
0.265099546404 -0.027296826117 0.021902281731
0.263358147791 -0.027295889775 0.021903188469
0.261394782145 -0.027293689245 0.021903915579
0.260343336815 -0.027298607122 0.02190371605
0.258254784511 -0.027298240765 0.021904421245
0.256175784719 -0.027296668373 0.021906074687
0.254986478593 -0.027293139283 0.021907379896
0.253675612851 -0.027293908772 0.021909327132
0.251718238178 -0.027290174283 0.021912768624
0.250326880043 -0.027290072221 0.021913372118
0.24928996584 -0.0272892167 0.021913952835
0.247899437371 -0.02728868123 0.021915096495
0.246861838673 -0.027287513015 0.021916081828
0.245408341542 -0.027284739589 0.021919880934
0.244278883372 -0.027281962374 0.021923236347
0.243047139508 -0.027280044145 0.021925520686
0.241998458082 -0.027279034905 0.021927667061
0.240837868255 -0.027276163108 0.02193033195
0.239718361511 -0.027275074843 0.021933132814
0.238634354582 -0.02727066068 0.021936787084
0.237373397199 -0.027266788656 0.021941411396
0.236223628802 -0.027264500022 0.021945237013
0.235187547849 -0.027260172553 0.021950761288
0.233933433287 -0.027254400577 0.021958065513
0.233041551336 -0.027249026481 0.021963535377
0.231639877367 -0.027243087823 0.021972831089
0.230895716212 -0.027236835404 0.021978006132
0.230027515471 -0.027233112232 0.021984772512
0.228926343777 -0.027221046966 0.021998616216
0.227828800539 -0.027204864127 0.022019586501
0.226959259549 -0.027186301884 0.022040452091
0.226129674247 -0.027168362083 0.022064754711
