0.226087082954 -0.01911528941 0.040737878583
0.226925290954 -0.0190266678 0.040778590542
0.228131548615 -0.018927815594 0.040825527233
0.228785932452 -0.018887194789 0.040843164373
0.229557548301 -0.018863614918 0.040855156214
0.23051027294 -0.018850866109 0.040860150109
0.231731212281 -0.018827129987 0.04087218262
0.232396209282 -0.018811624186 0.040878065593
0.233366299865 -0.018798837539 0.040884904377
0.234391218722 -0.01878257316 0.040891138734
0.235218375537 -0.018775124258 0.040895720802
0.236416380288 -0.018762615377 0.040901769811
0.237533436675 -0.018751446196 0.040906136769
0.238644639936 -0.018743700728 0.04091045363
0.239735174115 -0.018732698494 0.040914730734
0.24087278738 -0.018724332903 0.040919165238
0.241936945899 -0.018713910855 0.040923350758
0.243101332126 -0.018705081021 0.040927783706
0.244252666655 -0.018699985717 0.040929506039
0.245484270092 -0.018698052057 0.04093123994
0.24667622062 -0.018692064523 0.040933091908
0.247867398682 -0.018689832734 0.040935004334
0.249100972123 -0.018683158553 0.040937166261
0.250250022651 -0.018679842124 0.040939246711
0.251869497198 -0.018674817254 0.040941217624
0.253117259712 -0.018670069981 0.040942702063
0.254946224657 -0.018667933627 0.040944884698
0.255769318413 -0.018662275736 0.040945654372
0.257144961658 -0.018664359742 0.040946574974
0.25803914471 -0.018658224083 0.040947192862
0.259371277957 -0.018649833155 0.040952262037
0.260277318041 -0.018644590079 0.040955479883
0.261382549684 -0.018645223457 0.04095536748
0.263526451609 -0.018643549861 0.040955318759
0.264839475305 -0.018643014482 0.040955342921
0.266776292124 -0.018641254823 0.040955590187
0.267978315441 -0.018636764083 0.040957691206
0.269627393382 -0.018631120496 0.040960693807
0.270831086044 -0.018630992846 0.04096127833
0.271863688718 -0.018632010414 0.040961499135
0.273917677397 -0.018628649886 0.040961705322
0.275273014914 -0.018628201889 0.040961719696
0.276969524425 -0.018625821081 0.040961827178
0.278717012041 -0.018626283447 0.04096295519
0.280004021453 -0.018623978745 0.040963756194
0.282022758722 -0.0186198817 0.0409656541
0.283290750186 -0.018616097633 0.04096740598
0.285323371018 -0.018608171848 0.040971075889
0.286575454028 -0.018603858627 0.040972981893
0.288748837485 -0.018629315182 0.040962299897
0.289885037007 -0.01862543371 0.040964086887
0.292051653682 -0.018616424567 0.040968292148
0.29316837556 -0.018611439016 0.040970619288
0.295353468151 -0.018601148514 0.040975422658
0.296450616838 -0.018595498417 0.040977980979
0.297591204907 -0.018603013658 0.040974491108
0.298756753342 -0.018610772662 0.040970813018
0.300924759216 -0.018608259107 0.040971985376
0.302045097255 -0.018605991881 0.040973042844
0.304221437419 -0.018599857287 0.040975904107
0.305330022192 -0.0185958032 0.040977794992
0.307513336352 -0.018599014986 0.040976296968
0.308628530555 -0.018607099839 0.040972526076
0.310800988256 -0.018604890339 0.040973556618
0.311917180012 -0.018602802345 0.040974530489
0.314097351276 -0.018596987055 0.040977242825
0.315202427381 -0.018593123665 0.040979044766
0.316296826588 -0.018588712404 0.040981100899
0.317398928456 -0.018596693312 0.040977379831
0.319578397647 -0.018604206578 0.040973875534
0.320694205481 -0.018602878846 0.040974494808
0.322873348991 -0.018598536184 0.040976520289
0.323980843886 -0.018595400411 0.040977982859
0.32583001926 -0.018588764843 0.040981077783
0.326352513299 -0.018588764843 0.040981077783
0.328355682777 -0.018603719363 0.040974102779
0.329471444031 -0.018603292383 0.040974301928
0.331649142435 -0.018600408414 0.040975647053
0.332759461697 -0.018597995567 0.04097677244
0.33494615635 -0.01859147559 0.040979813452
0.336044017953 -0.018587207048 0.040981764457
0.337137873927 -0.018595472146 0.0409779494
0.338248833504 -0.018603944642 0.040973997706
0.34042480351 -0.018602490017 0.040974676163
0.341538206798 -0.018600792063 0.040975468114
0.343720460392 -0.018595703653 0.040977841422
0.344824147762 -0.018592210462 0.040979470697
0.345919496799 -0.018588116853 0.040981363417
0.347021106177 -0.0185965035 0.040977468362
0.349200338954 -0.018604770334 0.04097361259
0.350317116528 -0.018603848958 0.040974042334
0.352494526297 -0.018600308384 0.040975693709
0.353604512504 -0.018597568794 0.040976971493
0.355792149076 -0.018590412501 0.040980309292
0.356896624567 -0.018598748209 0.040976421397
0.359073153101 -0.018606803008 0.040972664522
0.360192410028 -0.018605737951 0.04097316128
0.362367499728 -0.018602089113 0.040974863151
0.363479746102 -0.01859936304 0.040976134631
0.365664982736 -0.01859241431 0.040979375619
0.366772366748 -0.018601346897 0.040975209331
0.368945128016 -0.018610163119 0.040971097317
0.370068749719 -0.018609281739 0.040971508406
0.372239160534 -0.018605946061 0.040973064214
0.373356345319 -0.018603317328 0.040974290294
0.375536471706 -0.018596543055 0.040977449913
0.37664911252 -0.018605532996 0.040973256874
0.3788165351 -0.018614421388 0.040969111199
0.379945563062 -0.018613574716 0.040969506099
0.382110442335 -0.018610402494 0.04097098567
0.38323332006 -0.018607865594 0.040972168917
0.385407503611 -0.018601394756 0.040975187009
0.38652650198 -0.018610737235 0.040970829541
0.388687040238 -0.018620106292 0.040966459678
0.38982335706 -0.018619418827 0.040966780321
0.391980640494 -0.018616572955 0.040968107677
0.39311139758 -0.018614158158 0.040969233974
0.395277436742 -0.018607984421 0.040972113494
0.396404895245 -0.018617529223 0.04096766166
0.398556658274 -0.018627194352 0.040963153704
0.399702042 -0.018626672166 0.040963397259
0.401849911126 -0.018624210514 0.040964545409
0.402990435973 -0.018621970565 0.040965590153
0.405146310529 -0.018616249681 0.040968258457
0.406284409792 -0.018626094777 0.040963666561
0.40842507121 -0.018636188555 0.040958958677
0.409581956145 -0.018635869777 0.04095910736
0.411717914609 -0.018633852362 0.040960048311
0.412870754494 -0.018631807789 0.04096100193
0.415013880667 -0.018626576964 0.040963441662
0.416165275485 -0.01863679748 0.040958674665
0.41829205249 -0.018647447252 0.040953707457
0.419463358287 -0.018647420998 0.040953719703
0.421584331064 -0.01864600446 0.040954380397
0.422752711506 -0.018644236665 0.040955204922
0.424879713301 -0.018639652511 0.040957343038
0.426047932761 -0.018650333985 0.040952361043
0.428157151827 -0.018661682677 0.040947067849
0.429346710766 -0.018662057127 0.0409468932
0.431448684808 -0.018661419213 0.040947190732
0.43263679557 -0.018660029964 0.040947838698
0.434743303296 -0.018656275307 0.040949589924
0.435932875629 -0.018667485681 0.040944361244
0.438019978736 -0.018679512469 0.040938751775
0.439232365844 -0.018680335346 0.040938367974
0.441310658619 -0.018680598377 0.040938245292
0.442523341612 -0.01867971745 0.040938656169
0.444604255237 -0.018677070794 0.040939890608
0.445820709612 -0.018689210341 0.040934228547
0.447879624904 -0.018702373338 0.040928089135
0.449121351809 -0.018703882133 0.040927385411
0.451169097412 -0.018705368988 0.04092669192
0.452413552266 -0.018705201364 0.040926770102
0.454461365701 -0.018703942464 0.040927357272
0.455712559847 -0.018717287632 0.040921132892
0.457735031396 -0.018731940233 0.040914298706
0.459014794257 -0.018734477874 0.040913115114
0.461022781875 -0.018737659667 0.040911631079
0.462308767887 -0.018738601786 0.040911191661
0.464313114815 -0.018739294344 0.040910868642
0.465610115819 -0.01875438986 0.040903827875
0.467584450473 -0.018770977603 0.040896091111
0.468914515507 -0.018775004988 0.04089421268
0.470869814065 -0.01878047245 0.040891662576
0.472211043063 -0.018783168524 0.040890405089
0.47415727175 -0.018786655007 0.040888778943
0.475516235236 -0.018805037151 0.040880205244
0.477423678507 -0.018826134459 0.040870365154
0.478826189243 -0.018834437715 0.040866492395
0.480702900602 -0.0188453435 0.040861405779
0.482129115074 -0.0188527216 0.040857964526
0.483983649904 -0.01886213691 0.040853573089
0.485425593424 -0.018873499098 0.04084827717
0.48721418616 -0.018890702902 0.040840230657
0.488730918693 -0.018905479614 0.040833349049
0.490484497632 -0.01892294638 0.040825214665
0.492042827974 -0.018938345323 0.040818043279
0.49375451608 -0.018955638595 0.040809989692
0.495375095061 -0.018975850861 0.040800550716
0.497012657115 -0.018994865261 0.040790890321
0.498786656512 -0.019024835115 0.040778690361
0.499977871633 -0.019045385574 0.040770393773
0.501080803781 -0.019060448417 0.040762756371
0.50294818727 -0.019083577241 0.040749709856
0.504601850541 -0.019120585344 0.040735730841
0.505435714643 -0.019129588172 0.040728434612
0.507019796783 -0.019166027989 0.040713850139
0.508254496203 -0.019193067253 0.040701650313
0.509483135564 -0.019219797308 0.040688523186
0.511660130533 -0.019272537445 0.040662691618
0.512640396839 -0.01931343306 0.040643387115
0.513811337786 -0.019364996318 0.040618173287
0.515021424649 -0.019422932347 0.040590671684
0.516027346792 -0.019469850793 0.040569142063
0.517806277706 -0.019525596403 0.040542247876
0.519318120114 -0.019613681107 0.040499349313
0.520805009911 -0.019733549766 0.040441629521
0.522381397879 -0.019897711678 0.040360590983
0.523818921349 -0.020079441315 0.040271474909
