0.225 -0.027137592484 -0.022102011456
0.225 -0.027282335932 -0.022775901163
0.225 -0.027508228095 -0.023999471785
0.225 -0.02760794246 -0.024623160885
0.225 -0.027702130221 -0.02531793415
0.225 -0.02782657214 -0.026455817671
0.225 -0.027882809464 -0.027390791083
0.225 -0.027923612909 -0.028273556916
0.225 -0.027921880415 -0.029669802356
0.225 -0.027901129847 -0.030392822929
0.225 -0.0278400907 -0.031360344528
0.225 -0.027738151005 -0.032461440426
0.225 -0.027643190087 -0.033150136423
0.225 -0.027418233343 -0.034502012979
0.225 -0.027157810779 -0.035789163108
