0.225 -0.024427792662 -0.025064667396
0.225 -0.024419943882 -0.02617113372
0.225 -0.024359499294 -0.027165437289
0.225 -0.024288622071 -0.027862532205
0.225 -0.024184614434 -0.028638039306
0.225 -0.024051708164 -0.02951277061
0.225 -0.023926884586 -0.030177280169
0.225 -0.023720940659 -0.031153636393
0.225 -0.023550986306 -0.031818406989
0.225 -0.023220505678 -0.032960952771
0.225 -0.022969675337 -0.033705658317
0.225 -0.022586623011 -0.034760267715
0.225 -0.022264952144 -0.035529419007
0.225 -0.021832599381 -0.036472536749
0.225 -0.021279561875 -0.037512202784
0.225 -0.020941270267 -0.038117251505
0.225 -0.020556442531 -0.03875675231
0.225 -0.019948526073 -0.039698130408
0.225 -0.019247400703 -0.040675671112
