0.225 -0.03471832625 -0.004431159823
0.225 -0.035025579259 -0.004507970339
0.225 -0.035252114393 -0.004565378911
0.225 -0.035592188586 -0.004651834777
0.225 -0.035788421235 -0.004701940442
0.225 -0.036042887114 -0.004767623119
0.225 -0.036288104753 -0.004831697888
0.225 -0.036652838679 -0.004927028296
0.225 -0.036983188247 -0.005015089044
0.225 -0.037309076071 -0.005101670281
0.225 -0.037732585022 -0.005215976935
0.225 -0.03796207164 -0.005278047068
0.225 -0.038214355257 -0.005347078507
0.225 -0.0386333091 -0.005461573314
0.225 -0.038918054362 -0.005540218371
0.225 -0.039286747257 -0.005642611316
0.225 -0.039537505116 -0.005713227921
0.225 -0.039938074562 -0.005826524604
0.225 -0.04015786945 -0.005889819192
0.225 -0.040600132517 -0.006017221521
0.225 -0.04102391307 -0.006140629233
0.225 -0.041287009266 -0.006216912305
0.225 -0.041527144512 -0.00628774004
0.225 -0.04197194895 -0.006419241651
0.225 -0.042346624435 -0.00653186159
0.225 -0.042554249631 -0.00659351342
0.225 -0.042981329575 -0.006723243893
0.225 -0.043240574795 -0.006802474187
0.225 -0.043611239514 -0.00691671034
0.225 -0.043949984182 -0.007021294992
0.225 -0.044249207664 -0.007114669359
