0.225095922139 -0.044936228565 0.002393567478
0.225239941308 -0.044936155516 0.00239555634
0.225432358962 -0.044936060022 0.002397656882
0.225658597883 -0.044935992532 0.002399351368
0.225779923951 -0.04493591523 0.002399936966
0.225933386262 -0.044935932406 0.002400314349
0.226144069059 -0.044935884927 0.002400780599
0.226302963335 -0.044935889319 0.002401206916
0.226542384222 -0.044935820578 0.002401796851
0.226733277608 -0.04493579862 0.002402211527
0.226946398728 -0.044935738915 0.002402636965
0.227122411417 -0.044935772704 0.002402944133
0.227376413479 -0.044935707699 0.002403327265
0.227522079047 -0.044935752366 0.002403526711
0.227784823872 -0.044935652901 0.002403871083
0.227981546407 -0.044935727397 0.002404107687
0.228201645002 -0.044935656942 0.002404357357
0.228397558509 -0.044935703368 0.002404561466
0.228641465278 -0.044935635642 0.002404786634
0.228802012851 -0.044935680926 0.002404922783
0.229073594872 -0.044935542919 0.002405150916
0.229239720933 -0.044935624082 0.002405279648
0.229488407717 -0.044935574748 0.002405456583
0.229677370393 -0.044935586753 0.002405579096
0.229999004555 -0.04493547639 0.002405786297
0.230318465273 -0.044935622508 0.002405991818
0.230701176019 -0.044935440582 0.002406228466
0.231144832152 -0.044935568384 0.002406489994
0.231403341793 -0.044935491492 0.002406639009
0.231772057622 -0.044935487552 0.002406838307
0.232197610191 -0.044935490342 0.002407039961
0.232636360412 -0.044935379774 0.002407259803
0.233077948594 -0.04493545562 0.002407506779
0.233461447004 -0.044935381044 0.002407740356
0.233958344061 -0.044935281745 0.002408071772
0.234286483996 -0.044935430915 0.002408307236
0.234951490956 -0.044935154313 0.002408496596
0.235508984674 -0.044935151879 0.002408542896
0.236162795213 -0.044935110374 0.002408652484
0.236643682274 -0.04493525361 0.002408711496
0.237367887815 -0.044934895976 0.002408785761
0.237778421756 -0.044935450542 0.002408809355
0.238741510117 -0.04493485027 0.00240895815
0.239486849202 -0.044934841868 0.002409121582
0.240452275287 -0.044934830257 0.002409347453
0.241414276218 -0.044934778904 0.002409525344
0.242198961089 -0.044935421305 0.002409539692
0.242988917085 -0.044934773591 0.002409415393
0.244166438155 -0.044934116199 0.00240934332
0.245383811497 -0.04493411172 0.002409426375
0.246567791216 -0.044934103374 0.002409581147
0.247784802868 -0.04493409101 0.00240981041
0.249021316934 -0.044934010903 0.002410157624
0.250243402629 -0.044935328155 0.002410286057
0.251705139464 -0.044934745411 0.002410742634
0.252805628407 -0.044934734018 0.002410990287
0.254742635826 -0.044934739288 0.00241087574
0.255843337494 -0.04493475637 0.002410504411
0.25774640458 -0.044933809353 0.002410157715
0.259075917574 -0.044933591255 0.002410198679
0.260777641824 -0.044932893325 0.002410708299
0.262329306926 -0.044932868071 0.002411191085
0.264014466616 -0.044932867357 0.00241120474
0.265566073599 -0.044932888747 0.002410795814
0.267250189216 -0.04493279726 0.002410601932
0.268839816433 -0.044932818866 0.002411413787
0.270503725768 -0.044932693747 0.002411976574
0.272130049654 -0.044932678872 0.002412255858
0.273794224374 -0.04493267304 0.002412365372
0.27542035467 -0.044932681606 0.00241220453
0.2770845427 -0.04493267415 0.00241233296
0.278710379635 -0.044932612695 0.002413496006
0.280376263572 -0.044932595608 0.002413805201
0.282001481859 -0.044932593258 0.00241384933
0.283667702109 -0.044932588913 0.002413930901
0.285292745111 -0.044932583681 0.002414029124
0.286959229343 -0.044932573983 0.002414211185
0.288583475715 -0.044932524655 0.002415137243
0.290251260637 -0.044932512259 0.002415369971
0.291874860765 -0.044932526386 0.002415104763
0.293542297052 -0.044932542894 0.002414794832
0.295166557072 -0.044932557011 0.00241452981
0.296833520956 -0.044932556124 0.00241454646
0.298457498796 -0.044932517585 0.002415269981
0.300125353613 -0.044932512841 0.002415359051
0.301748948053 -0.044932525276 0.002415125596
0.303416430424 -0.044932539726 0.002414854317
0.305040602232 -0.044932551991 0.002414624066
0.306707683874 -0.044932550213 0.002414657438
0.308331536619 -0.044932511883 0.002415377024
0.309999513133 -0.044932507245 0.002415464106
0.311622990383 -0.044932519992 0.002415224785
0.313290581786 -0.044932534887 0.002414945155
0.314914653547 -0.044932547541 0.002414707596
0.316581825985 -0.044932546233 0.002414732153
0.318205596404 -0.04493250822 0.00241544579
0.319873648617 -0.04493250388 0.002415527271
0.321497055911 -0.044932516863 0.002415283543
0.323164711604 -0.044932532049 0.002414998445
0.324788724877 -0.04493254495 0.00241475624
0.32645595001 -0.044932543932 0.002414775347
0.328079673277 -0.044932506144 0.002415484775
0.329747767404 -0.044932502066 0.002415561337
0.331371138068 -0.044932515277 0.002415313319
0.333038825017 -0.044932530733 0.002415023143
0.334662812417 -0.044932543864 0.002414776635
0.33633005821 -0.044932543101 0.002414790959
0.337953765347 -0.044932505478 0.002415497274
0.339621871757 -0.044932501591 0.002415570245
0.341245233595 -0.044932514932 0.002415319792
0.342912926157 -0.044932530557 0.002415026453
0.344536911269 -0.044932543828 0.002414777313
0.346204155585 -0.044932543274 0.002414787707
0.347827871221 -0.044932506094 0.002415485715
0.349495961488 -0.044932502474 0.002415553669
0.351119342811 -0.044932515858 0.002415302408
0.352787014974 -0.044932531525 0.002415008284
0.354411021178 -0.044932544818 0.002414758721
0.356078243283 -0.044932544346 0.002414767587
0.357701992726 -0.044932508161 0.002415446912
0.359370028609 -0.044932505456 0.002415497688
0.360993480941 -0.044932519468 0.002415234632
0.362661066929 -0.044932535914 0.002414925871
0.364285175129 -0.044932549897 0.002414663371
0.365952279547 -0.044932550192 0.002414657827
0.367576129146 -0.044932511612 0.002415382115
0.369244104952 -0.044932507582 0.002415457779
0.370867603269 -0.044932521611 0.002415194396
0.372535142757 -0.044932538088 0.002414885065
0.374159298588 -0.044932552145 0.002414621164
0.375826347656 -0.044932553082 0.002414603568
0.377450290612 -0.044932517389 0.002415273668
0.379118131566 -0.044932514324 0.002415331201
0.380741775583 -0.044932528395 0.002415067041
0.38240916857 -0.044932544905 0.00241475709
0.384033471593 -0.044932558993 0.002414492606
0.385700377144 -0.044932559558 0.002414481999
0.387324456755 -0.044932523599 0.002415157069
0.388992153312 -0.044932521518 0.002415196137
0.390615961202 -0.044932536414 0.002414916498
0.392283171546 -0.044932553842 0.002414589314
0.393907675713 -0.044932568729 0.002414309818
0.395574362495 -0.044932570131 0.002414283505
0.39719867521 -0.044932534667 0.002414949299
0.398866128106 -0.044932533071 0.002414979245
0.400490188819 -0.044932548331 0.00241469276
0.402157138047 -0.044932566165 0.002414357966
0.403781911205 -0.044932581378 0.002414072355
0.40544832106 -0.044932583191 0.002414038327
0.407072918586 -0.044932548047 0.002414698095
0.408740079113 -0.044932546833 0.002414720895
0.410364439581 -0.044932562398 0.002414428683
0.412031081961 -0.044932580584 0.002414087255
0.413656168778 -0.044932596077 0.002413796408
0.415322257113 -0.04493259834 0.002413753914
0.416947189226 -0.044932563959 0.002414399373
0.418613999561 -0.044932563431 0.002414409285
0.420238722086 -0.044932579411 0.002414109283
0.421904992388 -0.044932598113 0.00241375818
0.423530462007 -0.044932614086 0.002413458317
0.425196156251 -0.044932616917 0.002413405164
0.426821503068 -0.044932583882 0.002414025357
0.428487866033 -0.04493258504 0.002414003603
0.430113068254 -0.044932602334 0.002413678928
0.431778828754 -0.044932622517 0.002413300028
0.433404837392 -0.044932639721 0.002412977041
0.435069963844 -0.044932643992 0.002412896865
0.436695880005 -0.044932609661 0.002413541377
0.438361690129 -0.044932610583 0.002413524066
0.439987451354 -0.044932628686 0.002413184206
0.441652634456 -0.044932649768 0.002412788433
0.443279238967 -0.044932667788 0.00241245012
0.44494374965 -0.04493267309 0.002412350595
0.44657033111 -0.044932642327 0.002412928132
0.448235406786 -0.044932646101 0.002412857279
0.449861947602 -0.044932665543 0.002412492284
0.451526320742 -0.044932688105 0.002412068715
0.453153763589 -0.044932707279 0.002411708747
0.45481740865 -0.04493271396 0.002411583322
0.456444877955 -0.04493268388 0.002412148028
0.45810903694 -0.044932689648 0.002412039732
0.459736538314 -0.044932711168 0.002411635726
0.461399905087 -0.044932735905 0.002411171329
0.463028396407 -0.044932756813 0.002410778804
0.464690956078 -0.044932765187 0.002410621595
0.466319556332 -0.044932737644 0.002411138682
0.467982526272 -0.044932746269 0.002410976752
0.469611267802 -0.044932769677 0.002410537303
0.47127334445 -0.044932797165 0.00241002126
0.472903186608 -0.044932820958 0.002409574568
0.474564295589 -0.044932835717 0.002409297501
0.476194489902 -0.044932815099 0.002409684576
0.477855664778 -0.044932835459 0.002409302337
0.479486511167 -0.044932875892 0.00240854327
0.481146077822 -0.044932923965 0.002407640759
0.482778859769 -0.044932967073 0.002406831466
0.484436661204 -0.044932996658 0.002406276053
0.486070757084 -0.044933016359 0.002405906187
0.487727588892 -0.044933037387 0.002405511422
0.48936260398 -0.044933060965 0.00240506878
0.491018232578 -0.044933104481 0.002404251818
0.492655004318 -0.044933156949 0.002403266808
0.494270913383 -0.044933312772 0.002401951058
0.495766765051 -0.044933328386 0.00240041659
0.497413779744 -0.04493343406 0.002400137963
0.499008745543 -0.044933429523 0.002400224557
0.500704953118 -0.044933454429 0.002399749178
0.50230102788 -0.044933501139 0.002398857632
0.503969053031 -0.044932906185 0.002398116297
0.505740636279 -0.044933880155 0.002397100908
0.507162046786 -0.044933583931 0.002396016219
0.509053433133 -0.044933624788 0.002395317632
0.510452852348 -0.04493365762 0.002394756279
0.512345488956 -0.044933691923 0.002394169763
0.51374863377 -0.044934627974 0.002393337497
0.515091864886 -0.044934375937 0.002390986172
0.515978222788 -0.044936048629 0.002389178169
0.518093410789 -0.044936231311 0.002386159018
0.519267283247 -0.044936350253 0.0023841933
0.521390322372 -0.044936583378 0.002380340489
0.52253418148 -0.044936545685 0.0023779597
0.523560356121 -0.044935585541 0.002374849312
