0.225353714912 -0.043379046837 -0.011968730859
0.225864199766 -0.043375584597 -0.011978760823
0.226386302648 -0.043373898558 -0.011987411112
0.227231503089 -0.043370452857 -0.01199846575
0.227882684324 -0.043369111011 -0.012004121713
0.228596255667 -0.043368007319 -0.012007956361
0.229361087378 -0.043367333777 -0.012009976583
0.230047269177 -0.043367020092 -0.012012206481
0.230691104481 -0.043366294197 -0.012013898141
0.231541903863 -0.043365560037 -0.012015604044
0.232090353654 -0.043365952623 -0.012016335288
0.233088566297 -0.043364528981 -0.012017634257
0.234357756792 -0.043364692882 -0.012020229124
0.235119557193 -0.043364257193 -0.01202200764
0.236517800842 -0.043363546132 -0.012025022887
0.237306067386 -0.043363041619 -0.012026584449
0.238058768573 -0.043362593248 -0.012027978205
0.23949224599 -0.043361805924 -0.012030356702
0.240634002509 -0.043360557733 -0.012032194166
0.241910236391 -0.043360513004 -0.01203486827
0.24310129844 -0.043359683722 -0.012035526766
0.244468262902 -0.043359770632 -0.012035823787
0.245585340934 -0.043359659399 -0.012035878356
0.24702717465 -0.043359408747 -0.012035699499
0.248040259202 -0.04335973232 -0.01203547661
0.24961518855 -0.043358560498 -0.012035348589
0.251300430441 -0.043360156142 -0.012036720553
0.252331082086 -0.043357172326 -0.012037744704
0.25414083386 -0.043359773489 -0.01203820098
0.25507358747 -0.043357370803 -0.012037894057
0.256659956598 -0.043357749433 -0.012037871961
0.257971987303 -0.043357578628 -0.0120392671
0.259922881096 -0.04335871274 -0.012041274334
0.260948785901 -0.043358091556 -0.012042336149
0.26209397311 -0.043358209636 -0.012041804648
0.264161849848 -0.043358168322 -0.012041304577
0.265345403165 -0.043358080698 -0.012041398457
0.267391539963 -0.043357760256 -0.012041453206
0.268639617461 -0.043357809278 -0.012040884381
0.270625164894 -0.043358051376 -0.01203897284
0.271955701209 -0.043357770378 -0.012039657836
0.273909305326 -0.043357008313 -0.012041388426
0.275306327131 -0.043356763904 -0.012041890409
0.277197230666 -0.043357436694 -0.012039416619
0.278599423893 -0.043357719097 -0.012038379712
0.280487140922 -0.043357766132 -0.012038201934
0.281890099983 -0.043357478371 -0.012039256964
0.283779901212 -0.043357021688 -0.012040927249
0.285180120536 -0.043356773623 -0.012041835345
0.287071430701 -0.043356919822 -0.012041298962
0.288471989528 -0.043357004134 -0.012040989634
0.290362371486 -0.04335711504 -0.012040582737
0.291763212313 -0.043356938258 -0.012041231325
0.293654809516 -0.043356623536 -0.012042385993
0.295053548767 -0.043356465859 -0.012042964485
0.296946081535 -0.043356666831 -0.012042227151
0.298345592994 -0.043356776743 -0.012041823898
0.300236938513 -0.043356900487 -0.012041369901
0.301636852959 -0.043356727919 -0.012042003025
0.303529349716 -0.043356421287 -0.012043128014
0.304927226433 -0.043356272501 -0.012043673888
0.306820570458 -0.043356488101 -0.012042882885
0.308219323855 -0.043356607783 -0.012042443788
0.310111379876 -0.043356743571 -0.012041945604
0.311510643833 -0.043356586485 -0.012042521929
0.313403716949 -0.043356298371 -0.012043578974
0.314801078797 -0.043356159269 -0.01204408932
0.316694883808 -0.043356389898 -0.012043243174
0.318093230872 -0.043356519618 -0.012042767254
0.319985643126 -0.043356668347 -0.012042221588
0.321384595447 -0.043356518774 -0.012042770348
0.323277942154 -0.043356240597 -0.01204379094
0.324675067517 -0.043356108577 -0.0120442753
0.326569074681 -0.043356347871 -0.012043397367
0.327967251498 -0.04335648356 -0.012042899542
0.329859803858 -0.043356640144 -0.012042325061
0.331258645189 -0.043356496071 -0.012042853642
0.333152074029 -0.04335622563 -0.012043845852
0.334549147025 -0.043356099526 -0.012044308506
0.336443173238 -0.043356348185 -0.012043396216
0.33784136612 -0.043356490615 -0.012042873661
0.339733867527 -0.04335665646 -0.0120422652
0.341132792793 -0.043356518253 -0.012042772262
0.343026107933 -0.043356255597 -0.012043735907
0.344423322279 -0.04335613439 -0.012044180597
0.34631718842 -0.043356386739 -0.012043254764
0.34771555847 -0.04335653332 -0.012042716983
0.349607857485 -0.043356706583 -0.012042081304
0.351007038715 -0.043356585529 -0.012042525436
0.35290002088 -0.043356341042 -0.01204342242
0.354297614985 -0.043356223124 -0.012043855045
0.35619113119 -0.043356458506 -0.012042991464
0.357589795725 -0.04335659662 -0.012042484743
0.35948183327 -0.043356763208 -0.012041873558
0.360881240011 -0.043356632337 -0.012042353704
0.36277405133 -0.043356372594 -0.012043306661
0.364171787541 -0.04335625675 -0.012043731676
0.366065008456 -0.043356560317 -0.012042617935
0.367464193282 -0.043356733445 -0.012041982754
0.369355573293 -0.043356927966 -0.012041269086
0.370755728342 -0.043356810796 -0.012041698965
0.372647708866 -0.043356575185 -0.012042563384
0.374046348648 -0.043356468588 -0.012042954474
0.375938735881 -0.043356730853 -0.012041992263
0.377338626997 -0.043356886853 -0.012041419921
0.379229349569 -0.043357076096 -0.012040725617
0.380630172815 -0.043356969138 -0.01204111803
0.382521427512 -0.043356749748 -0.01204192294
0.383920855364 -0.043356655479 -0.0120422688
0.385812388365 -0.043356935761 -0.012041240484
0.387213195843 -0.043357102241 -0.012040629696
0.38910295772 -0.043357301338 -0.012039899238
0.390504766143 -0.043357195754 -0.012040286608
0.392395025374 -0.043356979709 -0.012041079246
0.393795467768 -0.043356890844 -0.012041405278
0.395685954107 -0.043357180454 -0.012040342742
0.397087844546 -0.043357354255 -0.012039705093
0.398976485669 -0.043357563365 -0.012038937899
0.4003794579 -0.043357467516 -0.012039289556
0.402268501267 -0.043357265612 -0.012040030309
0.403670213027 -0.043357187145 -0.012040318196
0.405559375706 -0.04335749126 -0.012039202442
0.406962645698 -0.043357676191 -0.012038523957
0.408849849468 -0.043357900681 -0.012037700337
0.410254315448 -0.043357815318 -0.01203801352
0.4121418077 -0.04335762924 -0.012038696215
0.413545132678 -0.043357563431 -0.012038937657
0.415432618839 -0.04335788392 -0.01203776183
0.416837630645 -0.043358082426 -0.012037033542
0.418723020151 -0.043358326571 -0.01203613781
0.420129400142 -0.043358267303 -0.012036355256
0.422014831204 -0.043358122634 -0.012036886025
0.423420361724 -0.043358081624 -0.012037036484
0.425305594563 -0.04335839923 -0.012035871237
0.426712859268 -0.043358600425 -0.012035133082
0.428595970981 -0.043358853298 -0.012034205327
0.430004620585 -0.04335878155 -0.01203446856
0.43188786535 -0.043358611148 -0.01203509374
0.433295523974 -0.04335856918 -0.012035247713
0.435178447886 -0.043358970679 -0.012033774675
0.436588312276 -0.043359221339 -0.012032855039
0.438468609181 -0.043359523415 -0.012031746769
0.439880280542 -0.043359497383 -0.012031842276
0.44176025749 -0.043359394122 -0.012032221125
0.443171408622 -0.04335938807 -0.01203224333
0.445050774688 -0.043359783621 -0.012030792112
0.446464204361 -0.04336004364 -0.012029838141
0.448340850884 -0.043360375388 -0.012028621005
0.449756301849 -0.043360378952 -0.012028607931
0.451632333042 -0.043360322301 -0.012028815773
0.453047622107 -0.043360357782 -0.0120286856
0.454922634032 -0.043360810965 -0.012027022938
0.456340636339 -0.043361113565 -0.012025912743
0.458212502203 -0.043361498145 -0.012024501778
0.459632933816 -0.043361540604 -0.012024346002
0.461503763669 -0.04336154628 -0.012024325178
0.462924510444 -0.04336163702 -0.012023992266
0.464793791274 -0.043362160334 -0.012022072306
0.466217799902 -0.043362519038 -0.012020756273
0.468083375009 -0.043362977972 -0.012019072513
0.469510383041 -0.043363077097 -0.012018708837
0.471374340374 -0.043363161916 -0.012018397649
0.472802281704 -0.043363321217 -0.012017813198
0.474663991354 -0.043363948711 -0.012015511013
0.476095988607 -0.043364394699 -0.012013874752
0.477953126388 -0.04336497215 -0.012011756171
0.47938908328 -0.043365187377 -0.012010966534
0.481243457278 -0.0433654471 -0.01201001365
0.482681626895 -0.043365727308 -0.012008985605
0.484532840857 -0.043366356541 -0.012006677045
0.485975317185 -0.04336679317 -0.012005075117
0.487822095998 -0.043367324891 -0.012003124313
0.489269156891 -0.043367927563 -0.012000913199
0.491109939869 -0.043368940529 -0.011997196775
0.492564231763 -0.043369628473 -0.011994672813
0.494399459027 -0.043369787786 -0.011994088317
0.49585643337 -0.04337001154 -0.011993267395
0.497689299597 -0.043370487625 -0.011991520711
0.499072346821 -0.043371693506 -0.011988757826
0.501065290902 -0.043374298469 -0.011984844409
0.502132586774 -0.043374572986 -0.011983255668
0.503301533949 -0.043374908151 -0.011979898185
0.505160704191 -0.043375594957 -0.011973357763
0.50661972477 -0.043377475967 -0.011967057112
0.508307697 -0.043378222423 -0.011962792659
0.510220434073 -0.043380577699 -0.011956701115
0.511694283187 -0.043382644562 -0.01194972556
0.513658918581 -0.043387001249 -0.011940085414
0.514535333206 -0.043386584698 -0.011936885243
0.5156689132 -0.043387171702 -0.011932797362
0.517167103759 -0.043390968955 -0.011925655463
0.518609471891 -0.043393028843 -0.011914379406
0.519817016187 -0.043395730346 -0.011902404289
0.521516246846 -0.043402903018 -0.011880982463
0.522649151228 -0.043404368382 -0.011863669229
0.523979118049 -0.043413863072 -0.011839363734
