0.225 -0.034718353624 0.004430940355
0.225 -0.035031028359 0.004509524752
0.225 -0.035338782174 0.004588187459
0.225 -0.035635640905 0.004663864875
0.225 -0.035961268425 0.004748351967
0.225 -0.036238455335 0.004820142998
0.225 -0.036597486454 0.004914833644
0.225 -0.036980932387 0.00501640085
0.225 -0.037175153162 0.005068262902
0.225 -0.037402025617 0.005128856619
0.225 -0.03775518515 0.005224464098
0.225 -0.038032527953 0.005299442057
0.225 -0.038335537059 0.00538291116
0.225 -0.038640185093 0.005466756989
0.225 -0.038914906842 0.005542850621
0.225 -0.03909146084 0.005592318652
0.225 -0.039437155088 0.00568955161
0.225 -0.039661004732 0.00575283498
0.225 -0.039958622184 0.005838058726
0.225 -0.040341839493 0.005948426977
0.225 -0.040643424377 0.006035121058
0.225 -0.041071486942 0.006159870586
0.225 -0.041327237068 0.006234471252
0.225 -0.041746731301 0.006358166036
0.225 -0.042013342494 0.006437876068
0.225 -0.042335140167 0.006534214361
0.225 -0.042790026197 0.006671269411
0.225 -0.043132218462 0.006774951337
0.225 -0.043605454459 0.006920440239
0.225 -0.044075286175 0.007065563249
0.225 -0.044424112568 0.007175021219
