0.225076625643 -0.027126566709 0.035904467913
0.226431191023 -0.027048186045 0.035962473823
0.227507352773 -0.027000961051 0.035998700176
0.228577977557 -0.02696106476 0.036027759201
0.229800590888 -0.026932468978 0.036050085423
0.230735837516 -0.026918566832 0.03605868263
0.231633578885 -0.026915802997 0.036062557179
0.233056498286 -0.026899692255 0.036073988767
0.234342190482 -0.026890371611 0.036081373111
0.235329668576 -0.026882119283 0.036085993886
0.236407241673 -0.026878863463 0.036089981018
0.237592807992 -0.026872398407 0.036093522048
0.238640960037 -0.026870195647 0.036096112411
0.239943459688 -0.026865494233 0.036100455095
0.241251762358 -0.026858371466 0.036104929954
0.242336965321 -0.026852719489 0.036108635129
0.243898174306 -0.026849895285 0.036112021225
0.244692272305 -0.026844121431 0.0361136471
0.245793996381 -0.026844233081 0.036115849479
0.24713226121 -0.026836904302 0.036119117785
0.247966398455 -0.026837797367 0.036121021922
0.249616522904 -0.026829901194 0.036124964869
0.25060462543 -0.026829661626 0.036126386575
0.251977898834 -0.026828307652 0.03612716531
0.253054183312 -0.026826673244 0.036128227246
0.254039065476 -0.026825440088 0.036129779376
0.255057982375 -0.026823492778 0.036130919809
0.256508424569 -0.026820568323 0.036132443326
0.25797144314 -0.02681940238 0.036133987663
0.258992930633 -0.026818662067 0.036134998817
0.25988668795 -0.026817113294 0.036135833216
0.26064732226 -0.026817375588 0.036135709847
0.261959978295 -0.02681564174 0.036135531024
0.263198342638 -0.026814061487 0.036137412598
0.264177522456 -0.026812633682 0.036138898415
0.264953953535 -0.026811878663 0.036140014886
0.266396076654 -0.026806941093 0.036142094244
0.267585749318 -0.026805499895 0.036143662819
0.268915812548 -0.026806050812 0.036143332196
0.270028643624 -0.026807165816 0.036142968832
0.270967017762 -0.026806970716 0.036142841666
0.272193620741 -0.026806207838 0.036142851485
0.273018832207 -0.026807415021 0.036142974899
0.27435828414 -0.026804674305 0.036143433127
0.276196751766 -0.026807422279 0.036143586539
0.27733468162 -0.026804070813 0.036144470556
0.278756684863 -0.026801136732 0.03614648992
0.280296852835 -0.02680212063 0.036146837989
0.281711727989 -0.026800251464 0.036147068791
0.283247631165 -0.026802052181 0.036146872062
0.284375270436 -0.026800078173 0.036148744359
0.286576679458 -0.026795666967 0.036150413452
0.287899668853 -0.026795553325 0.036150043327
0.289909307381 -0.026797407269 0.036147581842
0.291532950494 -0.02679997059 0.036146526028
0.294026968052 -0.026803322465 0.036145851059
0.295245085036 -0.026800633532 0.036147863264
0.297467138753 -0.026796156764 0.036151245397
0.298676355897 -0.026794014882 0.036152860279
0.300908475797 -0.026790496745 0.036155545514
0.302057779156 -0.026794139917 0.036152896888
0.304210058383 -0.026801457404 0.036147583735
0.305345682655 -0.026799030578 0.036149345829
0.307496659474 -0.026794727359 0.036152470352
0.308641554859 -0.026792667068 0.036153966308
0.310784032762 -0.026789087883 0.036156565118
0.311932965062 -0.026792605225 0.036154011212
0.314082921743 -0.026799711974 0.036148851074
0.315220985106 -0.02679733129 0.036150579664
0.317369644491 -0.026793153743 0.036153612938
0.318516714298 -0.026791169756 0.036155053491
0.320657197516 -0.026787768109 0.036157523392
0.321807853128 -0.026791491172 0.036154820115
0.323956470786 -0.02679893493 0.036149415278
0.325095583709 -0.026796626044 0.036151091736
0.32724333249 -0.026792572948 0.036154034648
0.328391183747 -0.026790646913 0.036155433122
0.330530993902 -0.026787340388 0.036157833956
0.331682205133 -0.026791134195 0.036155079312
0.333830439542 -0.026798750646 0.036149549085
0.334969774822 -0.026796496295 0.036151185946
0.337117408369 -0.026792539953 0.036154058605
0.338265272083 -0.026790662316 0.036155421939
0.340405163053 -0.02678743912 0.036157762268
0.341556172714 -0.026791320138 0.0361549443
0.343704783033 -0.026799095599 0.036149298618
0.344843558571 -0.026796941863 0.036150862423
0.34699194768 -0.026793161461 0.036153607335
0.348138867803 -0.026791373437 0.0361549056
0.35027987411 -0.026788303185 0.036157134879
0.35142965296 -0.026792194344 0.036154309549
0.35357955763 -0.0268000494 0.036148606073
0.354716920234 -0.026797983543 0.036150106071
0.356866901463 -0.026794368326 0.036152731042
0.358012046825 -0.02679267306 0.036153961958
0.360155016104 -0.02678977586 0.036156065585
0.361302704909 -0.02679367343 0.036153235599
0.363454750568 -0.026801594023 0.036147484537
0.36458985402 -0.02679962951 0.036148910951
0.366742253996 -0.026796138345 0.03615144585
0.367884864952 -0.026794482371 0.036152648235
0.370030401851 -0.026791592787 0.036154746333
0.37117536167 -0.026795710639 0.036151756403
0.373330556223 -0.026804003984 0.03614573469
0.374462241235 -0.026802047398 0.036147155347
0.376618099755 -0.026798604944 0.036149654877
0.377757178385 -0.026797004462 0.036150816971
0.379906386069 -0.026794254932 0.036152813377
0.381047550918 -0.026798408117 0.036149797792
0.383206619982 -0.026806778465 0.036143720168
0.384334362007 -0.026804841583 0.036145126518
0.386494192082 -0.026801419771 0.036147611061
0.387629274238 -0.02679983384 0.036148762589
0.389782498625 -0.026797098327 0.036150748816
0.39091945664 -0.026801506014 0.03614754844
0.393083286398 -0.026810404075 0.036141087649
0.394205800787 -0.026808598941 0.036142398338
0.396371107849 -0.026805397538 0.036144722844
0.397500475301 -0.026803926925 0.036145790641
0.399659630804 -0.026801381733 0.03614763868
0.400790525323 -0.026805786061 0.036144440742
0.402960449083 -0.026814730563 0.03613794623
0.404076742243 -0.02681305867 0.036139160175
0.406248547143 -0.026810114681 0.036141297775
0.407371129165 -0.026808792818 0.036142257566
0.409537380522 -0.026806537286 0.036143895285
0.410660872948 -0.026811084453 0.036140593634
0.412838512578 -0.026820329263 0.036133881072
0.413946768271 -0.026818811252 0.036134983284
0.416126936136 -0.026816173079 0.036136898834
0.417240813239 -0.026815028342 0.036137730017
0.419416146371 -0.026813127917 0.036139109896
0.420530199038 -0.026817825556 0.036135698988
0.422717628351 -0.02682741409 0.036128736852
0.423815778035 -0.026825999102 0.03612976426
0.426006291485 -0.026823596259 0.03613150894
0.427109548619 -0.026822603702 0.036132229625
0.429295850545 -0.026821043741 0.036133362297
0.430398459659 -0.026826071416 0.036129711754
0.431497196703 -0.026831014169 0.0361260046
0.433683534211 -0.026834834366 0.036123104656
0.434790573499 -0.026833807008 0.036123884532
0.436976797397 -0.026832199356 0.036125104914
0.438080340443 -0.026831585012 0.036125571268
0.440265307442 -0.026836167446 0.036122092704
0.441378752535 -0.026841372925 0.036118141182
0.443549690759 -0.026845868421 0.036114728614
0.444672874032 -0.026845200308 0.036115235784
0.446842155098 -0.026844343175 0.03611588644
0.447963432813 -0.026844078338 0.03611608748
0.450129960361 -0.026849290353 0.036112130996
0.451262562954 -0.026854863771 0.036107900169
0.453413584976 -0.026860045323 0.036103966809
0.4545574619 -0.026859771192 0.036104174904
0.456705138633 -0.026859785204 0.036104164268
0.457848986594 -0.026859991077 0.036104007988
0.459991910324 -0.026866168229 0.03609931886
0.461149263102 -0.026872369051 0.036094611765
0.463274343127 -0.026878578873 0.036089897837
0.464445317293 -0.026878881348 0.036089668226
0.466564641794 -0.026880062195 0.036088771835
0.467738160835 -0.026880933387 0.036088110506
0.469850053418 -0.026888334637 0.036082492155
0.471039904861 -0.026895350049 0.036077166698
0.473130875507 -0.026902982898 0.036071372539
0.474337836724 -0.026904470823 0.036070243042
0.47641837499 -0.026908354869 0.036067294631
0.477634014217 -0.026911154413 0.036065169474
0.479854885449 -0.026923273442 0.036056973024
0.481040659209 -0.026931183207 0.036050721871
0.482327145442 -0.026938576507 0.036044198241
0.484376282361 -0.026940928515 0.036042725874
0.485567136617 -0.02694377566 0.036040747934
0.487659173268 -0.026951425709 0.036035416202
0.488803053977 -0.026957029273 0.036031444208
0.489861171054 -0.026960344165 0.036027884059
0.491060384664 -0.026967787874 0.036022937373
0.492078701689 -0.02697353687 0.036018167544
0.493903587345 -0.02698512208 0.036009495506
0.495420587351 -0.026993486626 0.036003192427
0.49723369427 -0.02700266283 0.035996326979
0.498194356763 -0.027016534123 0.035986209249
0.499337481254 -0.027034422813 0.035972396241
0.500296573949 -0.027051668491 0.035959771386
0.501839471434 -0.027056641451 0.035956453305
0.502954008525 -0.027056652237 0.035953622736
0.504181574098 -0.027066352061 0.035949219951
0.505646452749 -0.02707535552 0.035941076759
0.50676441896 -0.027091886401 0.035930222511
0.508537362008 -0.027114721599 0.035912135743
0.51004911646 -0.027132830531 0.035899187488
0.511075064647 -0.027143967041 0.03588960938
0.512676588028 -0.027175810004 0.035867036833
0.513669493332 -0.027192489556 0.035850954046
0.514677701302 -0.027220610694 0.035832981717
0.516270673624 -0.027258023865 0.035802455331
0.517587464863 -0.027296311126 0.035774738882
0.519104743636 -0.027351874553 0.035732308719
0.520812176304 -0.027436297855 0.035667870279
0.521936416535 -0.027498570064 0.035617441189
0.52369550122 -0.027623669584 0.03552325844
