0.225703426652 -0.039500079906 -0.02155756258
0.226919842691 -0.039483220524 -0.021587714151
0.228051848566 -0.039472043726 -0.021608652941
0.228884266689 -0.039465244501 -0.021618290904
0.229667459106 -0.03946334301 -0.021624545013
0.230911184244 -0.039460379129 -0.021629861928
0.232132898557 -0.039457224148 -0.021635227339
0.233095240871 -0.039454206377 -0.021639164892
0.234372766637 -0.039452808694 -0.021643822411
0.235211599182 -0.039449829534 -0.021646285486
0.235933068138 -0.0394505079 -0.021648267894
0.237232251981 -0.039447666782 -0.021651663859
0.238179193234 -0.039447351256 -0.021653096756
0.239549435959 -0.039445479146 -0.0216548684
0.240549436891 -0.039445247636 -0.021656574111
0.241752162715 -0.039444612763 -0.021658770582
0.243013989394 -0.039442749007 -0.021661306668
0.243955269592 -0.039440573121 -0.021663318923
0.245469867676 -0.039440878484 -0.021665907152
0.246241494764 -0.039438023345 -0.02166697049
0.247507763021 -0.039439336316 -0.021668206226
0.248527346176 -0.039436769006 -0.021668948794
0.249516996719 -0.039438806358 -0.021669225414
0.250817662833 -0.039435941383 -0.02167016291
0.251482499446 -0.039438299487 -0.021670630723
0.252923383114 -0.039435747411 -0.021671190602
0.253677509132 -0.039437690771 -0.021671728905
0.255138798695 -0.039434499228 -0.021673464853
0.255877488627 -0.039436129581 -0.021674579086
0.257353899087 -0.039432285876 -0.021677514783
0.258407683018 -0.039432665941 -0.021676990979
0.259565507515 -0.039432424714 -0.021676761582
0.260783941042 -0.039432895472 -0.021676861954
0.261776958542 -0.039432759961 -0.021677238884
0.263439367909 -0.039433382537 -0.021676949021
0.264749397894 -0.03943357623 -0.021676533736
0.266421181911 -0.039431698635 -0.021678111645
0.267869591036 -0.039432313381 -0.021677670697
0.269240139865 -0.039433183856 -0.02167583377
0.270995157845 -0.039436979687 -0.021671290065
0.272213016433 -0.039436570312 -0.021672148735
0.274345597126 -0.039435589131 -0.0216746524
0.275501071276 -0.039434779452 -0.021676624498
0.276706277861 -0.039433189128 -0.021678326899
0.278788202292 -0.03943085044 -0.021680395627
0.280249147382 -0.039430352013 -0.021681091204
0.282076382023 -0.039428954626 -0.021682684408
0.283590494689 -0.039427935847 -0.021684548323
0.285369562914 -0.039427356125 -0.021685607429
0.28688204876 -0.039427818164 -0.021684762444
0.288659976577 -0.039428324241 -0.021683835729
0.290174989587 -0.039428809601 -0.021682948101
0.291951458983 -0.039428341199 -0.021683804147
0.293464824759 -0.039427461121 -0.021685413943
0.295244538733 -0.039426907734 -0.021686426172
0.296755947638 -0.039427257368 -0.021685786639
0.298535000168 -0.039427664886 -0.021685041226
0.300048331439 -0.039428108566 -0.021684229669
0.301826478162 -0.039427571532 -0.021685211984
0.303337918832 -0.039426620146 -0.021686952215
0.305119631624 -0.039426076396 -0.021687946816
0.306629202409 -0.03942655084 -0.021687078986
0.308409777121 -0.039427097878 -0.021686078371
0.309921882687 -0.039427650087 -0.021685068297
0.311701014422 -0.0394272059 -0.021685880781
0.313211646985 -0.039426309673 -0.021687520115
0.314994071213 -0.039425791644 -0.02168846767
0.316502945424 -0.039426252803 -0.021687624141
0.318284239199 -0.03942679431 -0.021686633642
0.319795623065 -0.039427349842 -0.021685617489
0.321575435459 -0.03942693667 -0.021686373244
0.323085468235 -0.039426077091 -0.021687945543
0.324868402531 -0.039425597477 -0.02168882283
0.326376844734 -0.039426085529 -0.021687930109
0.328158492506 -0.039426665411 -0.021686869417
0.329669611478 -0.039427257118 -0.021685787096
0.331449605887 -0.039426877112 -0.021686482185
0.3329595207 -0.039426037956 -0.021688017128
0.33474251954 -0.039425582612 -0.021688850022
0.336250948959 -0.039426089699 -0.021687922482
0.338032563959 -0.039426688661 -0.02168682689
0.339543755027 -0.039427294188 -0.021685719289
0.341323636405 -0.039426934609 -0.021686377013
0.34283371338 -0.039426116131 -0.021687874134
0.34461648942 -0.039425690842 -0.021688652052
0.346125213994 -0.03942622841 -0.021687668759
0.347906458732 -0.039426859729 -0.02168651398
0.349418087933 -0.039427489684 -0.021685361698
0.351197472973 -0.039427154376 -0.021685975027
0.352708083319 -0.03942634261 -0.021687459869
0.354490330836 -0.039425906552 -0.021688257485
0.355999542777 -0.039426420456 -0.021687317477
0.357780342818 -0.039427039739 -0.021686184714
0.359292392601 -0.039427661554 -0.021685047322
0.361071153992 -0.039427504281 -0.021685334996
0.362582881901 -0.039426927715 -0.021686389624
0.364363568882 -0.039426627073 -0.021686939543
0.365874395068 -0.039427050497 -0.021686165037
0.367653823917 -0.039427556909 -0.021685238732
0.369166984492 -0.039428073729 -0.02168429339
0.370944836327 -0.039427853087 -0.021684696978
0.37245737918 -0.039427260734 -0.021685780482
0.374237230535 -0.039426993181 -0.021686269876
0.375749014506 -0.039427485719 -0.02168536895
0.377527324898 -0.039428057445 -0.021684323176
0.379041725911 -0.039428611008 -0.021683310626
0.380818185377 -0.039428480737 -0.021683548912
0.382332352946 -0.039427992406 -0.021684442142
0.384110372039 -0.039427794474 -0.02168480419
0.38562405461 -0.039428272893 -0.021683929089
0.387400496641 -0.039428833438 -0.021682903768
0.388916744795 -0.039429380428 -0.02168190324
0.390691367242 -0.039429248261 -0.021682144994
0.392207372644 -0.039428762507 -0.021683033512
0.393983510497 -0.039428598316 -0.021683333842
0.395499194027 -0.039429143158 -0.021682337243
0.397273455309 -0.039429787701 -0.021681158277
0.398792077946 -0.039430412781 -0.021680014911
0.400564166816 -0.039430335629 -0.021680156033
0.402082802658 -0.0394298759 -0.021680996947
0.403856250167 -0.039429735803 -0.021681253206
0.405374672737 -0.039430297292 -0.021680226157
0.40714615437 -0.039430959164 -0.021679015493
0.40866760041 -0.039431603522 -0.021677836865
0.410436796679 -0.039431564987 -0.021677907351
0.411958426422 -0.039431151394 -0.021678663875
0.413728751463 -0.039431072727 -0.02167880777
0.415250434945 -0.039431688615 -0.021677681217
0.417018531091 -0.039432400314 -0.021676379412
0.418543464876 -0.0394330804 -0.021675135432
0.420309067547 -0.039433094699 -0.021675109276
0.421834426356 -0.039432741611 -0.021675755127
0.423600852822 -0.039432744258 -0.021675750286
0.425126634332 -0.039433445705 -0.021674467233
0.426890406733 -0.039434260691 -0.021672976501
0.428419904796 -0.039435038732 -0.021671553346
0.430180743027 -0.039435122542 -0.021671400044
0.431710990892 -0.039434804203 -0.021671982334
0.433472420044 -0.039434862676 -0.021671875378
0.435003371133 -0.039435652424 -0.021670430811
0.436761727895 -0.039436584976 -0.021668725032
0.438296929913 -0.03943748667 -0.021667075696
0.440051745786 -0.039437713219 -0.021666661304
0.441588329721 -0.039437514609 -0.021667024591
0.443343152365 -0.039437679615 -0.021666722771
0.444880911314 -0.039438531291 -0.021665164927
0.446632299633 -0.039439536267 -0.021663326673
0.448174648798 -0.03944051505 -0.021661536331
0.449922045387 -0.039440892194 -0.021660846477
0.451466442118 -0.039440872222 -0.02166088301
0.453213005409 -0.039441232203 -0.02166022455
0.454759434891 -0.039442232917 -0.021658394091
0.456501791417 -0.039443391103 -0.021656275594
0.458053523596 -0.039444510527 -0.021654227999
0.459791210664 -0.039445020203 -0.021653295724
0.461345636622 -0.039445135181 -0.021653085412
0.463081754059 -0.039445708783 -0.021652036207
0.464639232892 -0.039447000793 -0.021649672924
0.466369806836 -0.039448481143 -0.021646965141
0.4679340893 -0.039449920702 -0.021644331969
0.469658578922 -0.03945065169 -0.021642994881
0.471226654985 -0.039450924075 -0.021642496649
0.472948700369 -0.039451693294 -0.02164108963
0.474520801807 -0.039453250307 -0.021638241618
0.476236063642 -0.039455042528 -0.021634963374
0.477816455205 -0.039456837018 -0.02163168098
0.479523811984 -0.039458069593 -0.021629426414
0.481110296403 -0.039458907551 -0.021627893662
0.482812525157 -0.039460289431 -0.021625365995
0.484405944214 -0.039462489588 -0.021621341574
0.4860983726 -0.039464906886 -0.021616919969
0.487703143594 -0.039467369748 -0.021612415023
0.489385772844 -0.039468225189 -0.021610850292
0.490995790738 -0.039468441273 -0.021610455041
0.492689216874 -0.039470863195 -0.021606031697
0.494352532704 -0.039475923438 -0.021596769811
0.496055894181 -0.039479901626 -0.021589499342
0.497736475396 -0.03948255522 -0.021584638718
0.499429693136 -0.039486638518 -0.021577344292
0.500878564089 -0.039490550808 -0.021570038774
0.50246101947 -0.039496042401 -0.021564668124
0.503552093035 -0.039493709031 -0.021563283318
0.505192631992 -0.03950003555 -0.021557838939
0.506019551183 -0.039499213623 -0.021553964004
0.507545248672 -0.039506634752 -0.021544224219
0.508491293884 -0.039509380608 -0.021536799097
0.509783778655 -0.039512821118 -0.021529053859
0.510626744352 -0.039518278894 -0.021523256192
0.512122745178 -0.039520870898 -0.021512735332
0.513066125172 -0.039528089816 -0.021505892676
0.514461579004 -0.039529883493 -0.021495567802
0.515718966037 -0.039538847689 -0.021485963429
0.517015921331 -0.039541963146 -0.021473476518
0.518036967377 -0.039553239707 -0.021459835301
0.519999121466 -0.039571315215 -0.021424755751
0.52171115081 -0.039593307821 -0.021384290548
0.522895273884 -0.039610380572 -0.021348051603
0.524260429906 -0.039639379684 -0.021298879205
