0.52475 -0.041842298084 0.016555524733
0.52475 -0.04093524963 0.01613362879
0.52475 -0.040114798726 0.015749502861
0.52475 -0.039353212807 0.015377698833
0.52475 -0.038443417752 0.014931267553
0.52475 -0.037836668107 0.014621973432
0.52475 -0.036808346199 0.014102811026
0.52475 -0.036350799265 0.013845158344
0.52475 -0.035476832734 0.01335992804
0.52475 -0.034985426082 0.013076780377
0.52475 -0.034170786575 0.012606100999
0.52475 -0.033646986986 0.012291148891
0.52475 -0.032927802622 0.011859037388
