0.523915243322 0.031584275401 0.01507472286
0.522959047311 0.031668086878 0.014902569192
0.521410973288 0.031779317466 0.01465886339
0.520423120248 0.031842620979 0.014525859591
0.518906703254 0.031919520129 0.014353411227
0.517662002115 0.031969508422 0.014243484826
0.516354525971 0.032009686806 0.014151230964
0.514883271711 0.032048812632 0.014064257883
0.513800232588 0.032072003711 0.01400451377
0.51269307864 0.032099822114 0.013948055448
0.511235150407 0.032127889329 0.013879481052
0.509850627448 0.032154171732 0.013821252177
0.508812580841 0.03216829938 0.013781260349
0.507853784466 0.032186464373 0.013747416265
0.506675970946 0.032200006417 0.013707043723
0.505787317548 0.032215835553 0.013678634425
0.504539145734 0.032228590757 0.013640039019
0.502885896814 0.032252307904 0.013593443857
0.502666678869 0.0322548739 0.013587355906
0.501137305696 0.032269914114 0.013546544436
0.499983072219 0.032281194791 0.01351953031
0.498755966015 0.032291826183 0.013493350933
0.497244692177 0.032304858029 0.013466132643
0.49636742703 0.032310994053 0.01345235145
0.495189398972 0.03231855225 0.013432156744
0.493345558326 0.032329562381 0.013402708029
0.491831291723 0.032338790015 0.013380994496
0.49035122635 0.032346868938 0.013361135632
0.488502361 0.032357248533 0.013339014823
0.487353088486 0.032363201461 0.013326441132
0.48518419719 0.032371173603 0.013307677295
0.484079193272 0.032375352373 0.013297835428
0.482920531598 0.032378686595 0.013288022169
0.480829246629 0.032384753675 0.013270328974
0.479444982165 0.032389200256 0.013258814284
0.477579280727 0.032394907896 0.013243159005
0.476048294695 0.03239842553 0.01323448718
0.474299090523 0.03240250993 0.013224418139
0.472632802641 0.032405313971 0.013217327884
0.470967462601 0.032407251155 0.013211853846
0.46899935037 0.03241043927 0.013206895162
0.467625547703 0.032412015012 0.013204273349
0.465574955993 0.032415079988 0.013196961245
0.464341386589 0.032416868995 0.013192693218
0.4622758841 0.032420270926 0.013184577241
0.461058094157 0.032422308181 0.013179716969
0.458977280338 0.032425146499 0.013172945602
0.457772868452 0.032426444982 0.013169847815
0.455682054608 0.032427746398 0.013166743031
0.45448454797 0.03242849693 0.013164952489
0.452387173536 0.032430114112 0.013161094383
0.451197060645 0.03243111015 0.013158718139
0.449092019552 0.032432665678 0.01315500712
0.447909131534 0.032433425752 0.013153193814
0.44579865475 0.032434011929 0.013151795373
0.444619151362 0.03243435962 0.013150965889
0.442505299789 0.032435351551 0.013148599442
0.441330250693 0.032436020714 0.013147003023
0.439211367939 0.032437079804 0.013144476354
0.438041199661 0.032437580513 0.013143281814
0.435919024745 0.03243773783 0.013142906505
0.434750246507 0.032437858913 0.013142617636
0.432626565757 0.032438473862 0.013141150553
0.431460491663 0.032438944577 0.01314002757
0.429333390122 0.032439692677 0.013138242831
0.428170746597 0.032440036828 0.013137421791
0.426041638533 0.032439952158 0.013137623789
0.42487923325 0.032439937844 0.013137657938
0.422749721263 0.032440323252 0.01313673847
0.421588971705 0.032440682159 0.013135882228
0.419456977021 0.032441251452 0.013134524068
0.418298829025 0.03244150655 0.013133915481
0.416165609786 0.032441252005 0.013134522747
0.415006943588 0.0324411569 0.013134749638
0.41287400747 0.032441410925 0.013134143613
0.411716388035 0.032441703152 0.013133446448
0.409581523443 0.032442163825 0.013132347421
0.408426004259 0.032442365124 0.013131867184
0.406290367233 0.032442022217 0.013132685254
0.405133917828 0.032441880071 0.013133024373
0.402998955246 0.032442052919 0.013132612009
0.401843183444 0.03244230585 0.013132008594
0.399706624782 0.032442702369 0.013131062619
0.398552657809 0.032442872256 0.013130657321
0.396415598356 0.03244247333 0.013131609037
0.395260445307 0.032442302273 0.013132017127
0.393124312207 0.032442419258 0.013131738035
0.391969590607 0.032442646998 0.013131194717
0.38983206066 0.032443015544 0.013130315478
0.388679015904 0.032443180349 0.013129922305
0.386541266211 0.032442630229 0.013131234722
0.385386444998 0.03244236892 0.013131858126
0.383250133083 0.032442473072 0.013131609652
0.382095802268 0.032442856443 0.013130695044
0.379956926039 0.032443713047 0.013128651448
0.378806513287 0.032444255944 0.013127356259
0.376664928499 0.032444138216 0.013127637122
0.375514987854 0.032444148818 0.01312761183
0.373474302202 0.03244305105 0.013128244299
0.372273551465 0.032442212501 0.013129054671
0.3704849116 0.032440695837 0.013129961389
0.369055895002 0.032440607761 0.013130505216
0.367337097415 0.032440819571 0.013129984546
0.365765213248 0.032441078923 0.013129347006
0.364047085238 0.032441141298 0.013129188033
0.362474903893 0.032441053817 0.013129415314
0.36076200259 0.032440887315 0.013129796352
0.359184405667 0.032440714767 0.013130233519
0.35747349617 0.032440858623 0.0131298797
0.355893531262 0.03244105351 0.013129400367
0.354182385903 0.032441118704 0.013129238118
0.352602584386 0.032441055652 0.013129398058
0.350893597813 0.032440908898 0.013129748611
0.349311263895 0.03244073152 0.013130189917
0.347603382449 0.032440859422 0.013129875272
0.346020359112 0.032441049405 0.013129407905
0.344311006791 0.032441114683 0.013129248698
0.342728698598 0.032441045805 0.013129414425
0.341018405003 0.032440901289 0.013129777793
0.339436492457 0.032440714355 0.013130233901
0.33772635847 0.032440844184 0.013129914567
0.336145588941 0.032441033076 0.013129449955
0.334434694233 0.03244109529 0.013129296609
0.332854371432 0.03244102481 0.013129470795
0.331144220627 0.032440871766 0.013129845457
0.329562704772 0.03244068131 0.013130314764
0.327853208503 0.032440805676 0.013130008855
0.326271785716 0.032440989364 0.01312955703
0.324562399954 0.032441046624 0.01312941393
0.322981179316 0.032440977392 0.013129590208
0.32127443996 0.032440822213 0.013129959408
0.319690281494 0.032440638233 0.01313041817
0.317984650103 0.032440752533 0.013130136951
0.316399334101 0.032440926903 0.013129707938
0.314691928226 0.032440974959 0.013129592753
0.313107962685 0.032440889991 0.013129793212
0.311398153194 0.032440737645 0.013130185906
0.309816139979 0.032440540109 0.013130663342
0.308105570408 0.032440651787 0.013130388671
0.306525185293 0.03244082385 0.013129965483
0.304798544101 0.032440864571 0.013129909951
0.303226111655 0.032440722841 0.013130171707
0.301461797721 0.032440643205 0.013130630343
0.299924883239 0.032440423379 0.01313111489
0.298149502392 0.032440510344 0.013130901946
0.29663384751 0.032440650671 0.013130558339
0.294870175568 0.032440592833 0.013130646321
0.293351459432 0.032440282388 0.013131448135
0.291617117198 0.032439617546 0.013132899346
0.290070108961 0.032438887204 0.01313475131
0.288345390149 0.03243841245 0.013135917342
0.286777507601 0.032438033663 0.013136847673
0.284946205503 0.032439018302 0.013134916322
0.283427421969 0.032439681747 0.013133499652
0.281332895989 0.03244069703 0.013134217646
0.280059732685 0.032440584085 0.013136099123
0.277929074162 0.032441186078 0.01313465569
0.276770338342 0.032441669216 0.013133499719
0.27467619085 0.032440215855 0.013134028902
0.273283797203 0.032439416054 0.013134909604
0.271499564925 0.032438621964 0.013134083047
0.269712631403 0.032441144958 0.013130614805
0.268334474126 0.032441480827 0.013130434667
0.266254927018 0.032443188219 0.013130959755
0.265207104216 0.032441192416 0.013131737213
0.263747823928 0.032440423173 0.013132700389
0.262111924711 0.032439511941 0.013133362314
0.260327095884 0.032442093434 0.013133841302
0.259015695972 0.032439874226 0.013133733863
0.257629602414 0.032439829628 0.013134223966
0.256107579398 0.03243932673 0.013134748583
0.254859082078 0.032441435442 0.013135300513
0.253382363833 0.032438662286 0.013136062957
0.251741934281 0.032439751745 0.013137509312
0.250647058345 0.032439213887 0.013139263723
0.24929344582 0.032436973993 0.013143097341
0.247938937727 0.032436571797 0.013145209772
0.246934837267 0.032436188067 0.013146863397
0.245392939821 0.032433637214 0.013149760678
0.244307820244 0.032434652401 0.013152221501
0.242847419336 0.032430970315 0.013155742897
0.241167241356 0.03243131776 0.013160536648
0.240414873114 0.032429340417 0.013161679597
0.239254845514 0.032428843276 0.013163497319
0.238205793643 0.032429010301 0.013165126931
0.236882071184 0.032427509871 0.013167749557
0.235958388772 0.032426512121 0.013170077251
0.23475277088 0.032424701555 0.013173823873
0.233874988063 0.032424829711 0.013176266332
0.233004033029 0.032423519513 0.013178799298
0.232118745771 0.032422644421 0.013181822814
0.231167418197 0.032420760568 0.013185679064
0.230450546299 0.032419632924 0.013189589288
0.22974271859 0.032417487901 0.013193722865
0.228956445139 0.032415842826 0.01319796431
0.228287553312 0.032413552507 0.01320378508
0.22760548182 0.032410087777 0.013212290411
0.2266193417 0.032402452227 0.013231492376
0.226046879528 0.032395672041 0.013245089972
0.225519069558 0.032391049774 0.013259557741
