0.225 0.020833017754 0.028584808583
0.225 0.020472290641 0.029723183888
0.225 0.020262948493 0.0303114172
0.225 0.019905662129 0.031187888545
0.225 0.019557279171 0.031952762769
0.225 0.019185576112 0.032665913043
0.225 0.018716006719 0.03351489184
0.225 0.018304358169 0.034194445952
0.225 0.017762353786 0.035030163668
0.225 0.017377882795 0.035568346207
0.225 0.016708444961 0.036445445382
0.225 0.016185653386 0.03707459842
0.225 0.015617592066 0.037703134856
0.225 0.014957938989 0.038379685157
0.225 0.014421349371 0.038885306885
0.225 0.013693407126 0.039518260275
0.225 0.013071611692 0.040008458545
0.225 0.012622420882 0.04034608237
0.225 0.012009314486 0.040784316083
0.225 0.011486404022 0.0411333578
0.225 0.011025047653 0.041422299814
0.225 0.010421721461 0.041776359432
0.225 0.00997428106 0.042020421543
0.225 0.009650832667 0.042188355535
0.225 0.009029306938 0.042491206316
0.225 0.008508903251 0.042728826318
0.225 0.00819403641 0.042866248432
0.225 0.007716186743 0.043063113033
0.225 0.007380426607 0.043192694036
0.225 0.007075026969 0.04330753797
0.225 0.006622922065 0.043467257106
0.225 0.006176381046 0.043610659573
0.225 0.005907346653 0.043692781636
0.225 0.005546408611 0.04379679143
0.225 0.005263309895 0.043873521544
0.225 0.004887684378 0.043970175528
0.225 0.004675743747 0.044020083094
0.225 0.004433671753 0.044073013214
0.225 0.004066103503 0.044149250453
0.225 0.003860196847 0.044192211112
0.225 0.003625944672 0.044238162641
0.225 0.003348667197 0.044288811264
0.225 0.003120117661 0.044325898012
0.225 0.002878777617 0.044359743103
0.225 0.002691148397 0.044383146107
0.225 0.002519336779 0.044407401418
0.225 0.002380290453 0.044425844642
0.225 0.002214503242 0.044446827291
0.225 0.002062373659 0.044466492278
0.225 0.001883559538 0.044487547611
0.225 0.001752060495 0.044500693041
0.225 0.001614942301 0.04451280642
0.225 0.001525250004 0.044520139134
0.225 0.001380074783 0.044530981131
0.225 0.001296167933 0.044536717108
0.225 0.001147319255 0.044545083483
0.225 0.001031301804 0.044550232751
0.225 0.000974047389 0.044554128993
0.225 0.000887035582 0.044558932523
0.225 0.000826457123 0.044561949957
0.225 0.000733894858 0.044566286942
0.225 0.000665682302 0.044569281368
0.225 0.000607725417 0.044571626207
0.225 0.000530909167 0.044574422607
0.225 0.0004695411 0.04457643809
0.225 0.000422603791 0.044577841267
0.225 0.000361846723 0.044579376481
0.225 0.000317364014 0.044580347483
0.225 0.000253597419 0.044581477417
0.225 0.000220769689 0.044581986465
0.225 0.00017593081 0.044582574827
0.225 0.000128508194 0.04458308753
0.225 9.4418362e-05 0.044583364985
0.225 3.3866878e-05 0.044583744685
0.225 -0.0 0.044583826418
0.225 -3.3866878e-05 0.044583744685
0.225 -9.4418362e-05 0.044583364985
0.225 -0.000128508194 0.04458308753
0.225 -0.00017593081 0.044582574827
0.225 -0.000220769689 0.044581986465
0.225 -0.000253597419 0.044581477417
0.225 -0.000317364014 0.044580347483
0.225 -0.000361846723 0.044579376481
0.225 -0.000422603791 0.044577841267
0.225 -0.0004695411 0.04457643809
0.225 -0.000530909167 0.044574422607
0.225 -0.000607725417 0.044571626207
0.225 -0.000665682302 0.044569281368
0.225 -0.000733894858 0.044566286942
0.225 -0.000826457123 0.044561949957
0.225 -0.000887035582 0.044558932523
0.225 -0.000974047389 0.044554128993
0.225 -0.001031301804 0.044550232751
0.225 -0.001147319255 0.044545083483
0.225 -0.001296167933 0.044536717108
0.225 -0.001380074783 0.044530981131
0.225 -0.001525250004 0.044520139134
0.225 -0.001614942301 0.04451280642
0.225 -0.001752060495 0.044500693041
0.225 -0.001883559538 0.044487547611
0.225 -0.002062373659 0.044466492278
0.225 -0.002214503242 0.044446827291
0.225 -0.002380290453 0.044425844642
0.225 -0.002519336779 0.044407401418
0.225 -0.002691148397 0.044383146107
0.225 -0.002878777617 0.044359743103
0.225 -0.003120117661 0.044325898012
0.225 -0.003348667197 0.044288811264
0.225 -0.003625944672 0.044238162641
0.225 -0.003860196847 0.044192211112
0.225 -0.004066103503 0.044149250453
0.225 -0.004433671753 0.044073013214
0.225 -0.004675743747 0.044020083094
0.225 -0.004887684378 0.043970175528
0.225 -0.005263309895 0.043873521544
0.225 -0.005546408611 0.04379679143
0.225 -0.005907346653 0.043692781636
0.225 -0.006176381046 0.043610659573
0.225 -0.006622922065 0.043467257106
0.225 -0.007075026969 0.04330753797
0.225 -0.007380426607 0.043192694036
0.225 -0.007716186743 0.043063113033
0.225 -0.00819403641 0.042866248432
0.225 -0.008508903251 0.042728826318
0.225 -0.009029306938 0.042491206316
0.225 -0.009650832667 0.042188355535
0.225 -0.00997428106 0.042020421543
0.225 -0.010421721461 0.041776359432
0.225 -0.011025047653 0.041422299814
0.225 -0.011486404022 0.0411333578
0.225 -0.012009314486 0.040784316083
0.225 -0.012622420882 0.04034608237
0.225 -0.013071611692 0.040008458545
0.225 -0.013693407126 0.039518260275
0.225 -0.014421349371 0.038885306885
0.225 -0.014957938989 0.038379685157
0.225 -0.015617592066 0.037703134856
0.225 -0.016185653386 0.03707459842
0.225 -0.016708444961 0.036445445382
0.225 -0.017377882795 0.035568346207
0.225 -0.017762353786 0.035030163668
0.225 -0.018304358169 0.034194445952
0.225 -0.018716006719 0.03351489184
0.225 -0.019185576112 0.032665913043
0.225 -0.019557279171 0.031952762769
0.225 -0.019905662129 0.031187888545
0.225 -0.020262948493 0.0303114172
0.225 -0.020472290641 0.029723183888
0.225 -0.020833017754 0.028584808583
