0.225 0.016333963666 0.030953613583
0.225 0.01594579692 0.031520771288
0.225 0.015553549359 0.032052633191
0.225 0.014991186991 0.032765902824
0.225 0.014351464738 0.033505110005
0.225 0.013961817396 0.033924192209
0.225 0.013493307754 0.034386798482
0.225 0.013041245645 0.034802983158
0.225 0.012610371046 0.035176347447
0.225 0.012166977685 0.035545352244
0.225 0.011621051155 0.035969402288
0.225 0.011244830944 0.03624937909
0.225 0.010657380225 0.036654392291
0.225 0.010294418284 0.036888771467
0.225 0.009937465577 0.037108186465
0.225 0.009416948479 0.037412338918
0.225 0.009089617846 0.037591086065
0.225 0.008514675277 0.037886727779
0.225 0.008132415671 0.038068182974
0.225 0.007699769313 0.038264337248
0.225 0.007227483657 0.038462918118
0.225 0.006931397373 0.03858045655
0.225 0.006633031047 0.038691999822
0.225 0.00616620857 0.038857093625
0.225 0.005832093944 0.038966644165
0.225 0.005451573959 0.039083395554
0.225 0.00506772148 0.039193261247
0.225 0.004616331782 0.039311334292
0.225 0.004211905571 0.039407149846
0.225 0.003727891864 0.039508936038
0.225 0.003380496155 0.039573816013
0.225 0.003021688029 0.039634845573
0.225 0.002746416102 0.039676821142
0.225 0.002491243434 0.039711881508
0.225 0.002238214208 0.039743582421
0.225 0.001902454146 0.039780102236
0.225 0.001703912806 0.039799179609
0.225 0.001491393954 0.03981661621
0.225 0.001173790885 0.039838933959
0.225 0.000972827364 0.039850256866
0.225 0.000745559434 0.039860515519
0.225 0.000475831361 0.039868978589
0.225 0.000298223773 0.039872811141
0.225 0.000149111887 0.039874562809
0.225 -0.0 0.03987510186
0.225 -0.000149111887 0.039874562809
0.225 -0.000298223773 0.039872811141
0.225 -0.000475831361 0.039868978589
0.225 -0.000745559434 0.039860515519
0.225 -0.000972827364 0.039850256866
0.225 -0.001173790885 0.039838933959
0.225 -0.001491393954 0.03981661621
0.225 -0.001703912806 0.039799179609
0.225 -0.001902454146 0.039780102236
0.225 -0.002238214208 0.039743582421
0.225 -0.002491243434 0.039711881508
0.225 -0.002746416102 0.039676821142
0.225 -0.003021688029 0.039634845573
0.225 -0.003380496155 0.039573816013
0.225 -0.003727891864 0.039508936038
0.225 -0.004211905571 0.039407149846
0.225 -0.004616331782 0.039311334292
0.225 -0.00506772148 0.039193261247
0.225 -0.005451573959 0.039083395554
0.225 -0.005832093944 0.038966644165
0.225 -0.00616620857 0.038857093625
0.225 -0.006633031047 0.038691999822
0.225 -0.006931397373 0.03858045655
0.225 -0.007227483657 0.038462918118
0.225 -0.007699769313 0.038264337248
0.225 -0.008132415671 0.038068182974
0.225 -0.008514675277 0.037886727779
0.225 -0.009089617846 0.037591086065
0.225 -0.009416948479 0.037412338918
0.225 -0.009937465577 0.037108186465
0.225 -0.010294418284 0.036888771467
0.225 -0.010657380225 0.036654392291
0.225 -0.011244830944 0.03624937909
0.225 -0.011621051155 0.035969402288
0.225 -0.012166977685 0.035545352244
0.225 -0.012610371046 0.035176347447
0.225 -0.013041245645 0.034802983158
0.225 -0.013493307754 0.034386798482
0.225 -0.013961817396 0.033924192209
0.225 -0.014351464738 0.033505110005
0.225 -0.014991186991 0.032765902824
0.225 -0.015553549359 0.032052633191
0.225 -0.01594579692 0.031520771288
0.225 -0.016333963666 0.030953613583
