0.52475 0.003199086371 0.044602829745
0.52475 0.004656928683 0.043455175512
0.52475 0.005523093754 0.042684910512
0.52475 0.0069058488 0.04130359643
0.52475 0.007681465421 0.040502461729
0.52475 0.008274921531 0.0397791209
0.52475 0.009195625175 0.038530478303
0.52475 0.009848184638 0.037562412756
0.52475 0.010358703403 0.036911051699
0.52475 0.010856970694 0.036302166636
0.52475 0.011592060007 0.035475054925
0.52475 0.012442005819 0.034251160941
0.52475 0.012949004837 0.033473411567
0.52475 0.013705405545 0.032202701015
0.52475 -0.013705405545 0.032202701015
0.52475 -0.012949004837 0.033473411567
0.52475 -0.012442005819 0.034251160941
0.52475 -0.011592060007 0.035475054925
0.52475 -0.010856970694 0.036302166636
0.52475 -0.010358703403 0.036911051699
0.52475 -0.009848184638 0.037562412756
0.52475 -0.009195625175 0.038530478303
0.52475 -0.008274921531 0.0397791209
0.52475 -0.007681465421 0.040502461729
0.52475 -0.0069058488 0.04130359643
0.52475 -0.005523093754 0.042684910512
0.52475 -0.004656928683 0.043455175512
0.52475 -0.003199086371 0.044602829745
