0.225 0.033441119016 0.010328712613
0.225 0.033956694718 0.010666832191
0.225 0.034274850551 0.010882210805
0.225 0.034862364828 0.011289802603
0.225 0.03528744711 0.011593180036
0.225 0.036010053546 0.01211014327
0.225 0.036569110575 0.012519304201
0.225 0.03714129532 0.012939680384
0.225 0.03786310237 0.013483961993
0.225 0.038309449168 0.013840618544
0.225 0.038860929629 0.014284418435
0.225 0.039610516579 0.01490422266
0.225 0.040287790175 0.015468782285
0.225 0.040905589718 0.01600198201
0.225 0.04166696102 0.016667332446
