0.523466984815 0.0 -0.035
0.523461392856 0.001283309626 -0.034974982542
0.523322175836 0.002494562232 -0.034910817961
0.523058255429 0.003712998247 -0.034800826437
0.522578691681 0.005235019473 -0.034606146954
0.521814244549 0.006850759078 -0.034321543218
0.521263792825 0.007730676512 -0.034135335872
0.520385480104 0.008866118554 -0.033857233805
0.519523046652 0.009725229717 -0.03362138234
0.518290116496 0.010607655039 -0.033351042972
0.516956916367 0.011274321395 -0.033133216153
0.515445256284 0.01193263741 -0.032901076817
0.514357467729 0.012349422606 -0.032748489137
0.512544680179 0.012913539767 -0.032525106621
0.511572866878 0.013195899945 -0.032416723186
0.509704612589 0.013635289078 -0.032230001802
0.508602836275 0.013870718379 -0.032132944608
0.507290524647 0.014114806977 -0.032024606599
0.506284848408 0.01429443067 -0.031946168942
0.505087153418 0.014493172808 -0.031857613179
0.503913849996 0.014668325856 -0.031776219186
0.502892046059 0.014808908927 -0.031709384054
0.501888122963 0.01493779471 -0.031651690335
0.501065919257 0.015031025446 -0.031607983948
0.499545871229 0.015191194607 -0.031530611363
0.498584495193 0.01528642487 -0.031484096089
0.497179917151 0.015418733135 -0.031419402835
0.496069853728 0.015516151924 -0.031371069624
0.494559620907 0.015637783407 -0.031311566976
0.493485362804 0.01571209322 -0.031274168113
0.49151358233 0.015839094618 -0.031210607964
0.490505773335 0.015898208471 -0.031180548665
0.489467725872 0.015954886597 -0.031151286277
0.487540298211 0.016049843478 -0.031101544594
0.486375010722 0.016102265748 -0.031074337688
0.484388402714 0.016185445156 -0.031030606544
0.483065277816 0.01624087009 -0.031001866495
0.481094588013 0.016315099454 -0.030962561714
0.47974926335 0.016361391094 -0.030938290042
0.477814425577 0.016419972251 -0.030906806936
0.476411572726 0.016458068554 -0.030886682916
0.474483069917 0.01650102123 -0.030863179547
0.472855776971 0.01653974655 -0.030842777181
0.471082915133 0.016576892827 -0.030822294967
0.469247634655 0.01661332158 -0.030803357168
0.467690556955 0.016640004726 -0.030788834013
0.465625064796 0.016672959226 -0.030772107626
0.464330755392 0.016690188892 -0.030762581042
0.462373395239 0.016715264435 -0.030748743263
0.461015923854 0.016731122081 -0.030739992323
0.459117302431 0.016750750238 -0.03072916065
0.457705845891 0.016763763006 -0.030721979636
0.455853334169 0.016778313209 -0.0307139502
0.4543998157 0.016789393689 -0.0307078366
0.452587494519 0.016803844866 -0.030699861878
0.451093973877 0.016814650451 -0.030693898935
0.449317818422 0.01682565264 -0.030687827498
0.447791528682 0.016833980762 -0.030683231716
0.446042398984 0.016841685971 -0.030678979681
0.444492011787 0.016848193877 -0.03067538811
0.442766156132 0.016856922722 -0.030670571186
0.441191530387 0.016864097323 -0.030666611956
0.439488222418 0.016870429562 -0.030663117574
0.437893596871 0.016875555324 -0.030660288974
0.436205930147 0.016879553789 -0.030658082462
0.43459796815 0.016883047282 -0.030656155632
0.4329236978 0.016888600822 -0.030653090986
0.431300672375 0.016893394325 -0.030650445754
0.429640795403 0.016897108051 -0.030648396384
0.428005424195 0.016900168209 -0.030646707676
0.426354363523 0.016902067776 -0.030645659425
0.424712361292 0.016903688052 -0.030644775767
0.423069759552 0.016907464769 -0.03064269175
0.421416927027 0.016910798067 -0.030640852413
0.419783965686 0.01691304361 -0.030639613307
0.418123240159 0.016914853886 -0.030638614385
0.416495130563 0.01691557776 -0.030638214946
0.414831429785 0.016916023764 -0.030637976177
0.413207928498 0.016918769325 -0.030636461214
0.411537106467 0.016921197649 -0.030635121298
0.409920376735 0.016922578051 -0.03063435961
0.408244363398 0.016923606471 -0.030633792142
0.40663005738 0.016923623484 -0.030633782755
0.404952970318 0.016923340142 -0.030633933275
0.403339778977 0.016925482305 -0.030632751225
0.401659304589 0.016927359986 -0.030631715116
0.400051164927 0.016928236135 -0.030631231655
0.398367117248 0.016928795196 -0.030630923164
0.396759965502 0.016928403213 -0.030631139461
0.395076026985 0.016927681822 -0.030631525746
0.393468095133 0.016929458294 -0.030630545429
0.391782762722 0.016930994188 -0.030629697871
0.3901788242 0.016931563657 -0.030629383619
0.388490915892 0.01693183267 -0.030629235168
0.386887086759 0.01693119088 -0.030629589329
0.385201295173 0.016930306103 -0.030630105944
0.383600199772 0.016931911943 -0.030629219908
0.38190820811 0.016933321409 -0.030628442224
0.380310733386 0.016933801981 -0.030628177064
0.378616442904 0.016934020262 -0.030628056625
0.377018933694 0.016933370981 -0.030628414872
0.375354947122 0.016931802287 -0.030629425109
0.374002168704 0.016932221029 -0.030629221444
0.372146912796 0.016934649451 -0.03062915185
0.371047687835 0.016935572419 -0.030629346132
0.370009118353 0.0169348004 -0.03062957586
0.368087812952 0.01693082751 -0.030630343197
0.366775058879 0.016924514229 -0.030633883929
0.364801258593 0.016927564787 -0.030632143253
0.363482258657 0.016929307845 -0.030631156255
0.361519140838 0.016930848966 -0.030630264962
0.360190985975 0.016931596711 -0.030629838021
0.358234884874 0.016931633142 -0.030629792824
0.356906739465 0.016925128019 -0.030633426309
0.354953192619 0.016927947523 -0.030631825284
0.35361372669 0.016929611924 -0.030630886251
0.351669126538 0.016930994845 -0.030630092447
0.350322179808 0.016931683823 -0.030629701471
0.348382978177 0.016931632016 -0.030629713421
0.347047603142 0.016924882708 -0.030633425319
0.345139975342 0.016927812213 -0.030631790789
0.343752976108 0.016929651255 -0.030630762015
0.341849841642 0.016931124101 -0.030629943012
0.340459842994 0.016931906556 -0.03062950582
0.338557387996 0.016931918671 -0.03062950479
0.337170126238 0.016925070239 -0.030633351284
0.335251310704 0.016927931461 -0.030631757031
0.333875357772 0.016929683689 -0.030630776956
0.331960117145 0.016931080358 -0.030630003128
0.330582089343 0.016931783286 -0.030629610921
0.328666624454 0.016931710017 -0.03062966078
0.327295862183 0.016924847297 -0.030633498666
0.325378104997 0.016927659748 -0.030631920615
0.32400183531 0.016929387647 -0.030630952106
0.32209015205 0.016930732793 -0.030630196176
0.320709305107 0.016931412139 -0.030629815151
0.31879988469 0.016931287851 -0.030629882471
0.317410039646 0.016924511308 -0.030633765565
0.315454201439 0.016927063067 -0.030632318213
0.31411670963 0.016928522587 -0.030631494958
0.312168377803 0.016929604115 -0.030630873615
0.31082488327 0.01693006359 -0.030630612161
0.308880427608 0.016929674194 -0.030630816865
0.307550526186 0.016922704207 -0.030634641986
0.305637304531 0.016925317052 -0.030633201482
0.304253776525 0.016926874936 -0.030632333265
0.302340120484 0.016927960264 -0.030631747886
0.300958595454 0.016928408688 -0.030631500995
0.299040483221 0.016927953995 -0.030631778408
0.29766746236 0.016920767473 -0.030635805981
0.295710280076 0.016923488614 -0.03063445301
0.294359659505 0.016924862358 -0.030633728384
0.292367587251 0.016925905517 -0.030633327279
0.291053571935 0.016926094112 -0.030633280549
0.289022106277 0.016925392926 -0.03063387397
0.287751678086 0.016918124377 -0.030637951013
0.285777623141 0.016918738364 -0.030637125365
0.284456956599 0.016918950717 -0.030636894047
0.282576177833 0.016917278375 -0.030637433945
0.281164576529 0.016915940845 -0.030638149559
0.279371377434 0.01691216328 -0.030639936518
0.277858034499 0.01690192282 -0.030645639721
0.276023882209 0.01690391942 -0.030644484984
0.274485462611 0.016905830805 -0.030643428386
0.272671639352 0.016907750507 -0.030642319836
0.27111295068 0.0169096449 -0.030641276087
0.269319308979 0.016911489009 -0.030640212917
0.267711387872 0.016911971973 -0.030639981278
0.266057854443 0.016900699116 -0.030645582841
0.264300588022 0.016891198727 -0.030651710729
0.262919641437 0.016883463595 -0.030656135996
0.260887646739 0.016874493912 -0.0306627353
0.259783093973 0.016868734689 -0.030666114953
0.25848259562 0.016866444999 -0.030667247433
0.25628822404 0.016857729427 -0.030669398817
0.254859576317 0.016855796278 -0.030670374742
0.253347968419 0.016852697475 -0.030671484247
0.251772345826 0.016857930303 -0.030672336448
0.250409139893 0.016851391786 -0.030672679675
0.248754684251 0.016848485331 -0.030677222528
0.247698979018 0.016836591967 -0.030679484171
0.246590048608 0.016840465528 -0.030681556013
0.245004040876 0.016830038705 -0.030684975875
0.244112795407 0.016827675633 -0.030689132568
0.242371497687 0.01680755055 -0.030696841906
0.241518210646 0.016806593171 -0.03070040784
0.240181068059 0.016790864872 -0.030706048816
0.239353571692 0.016789501868 -0.03070985324
0.237990004901 0.0167725511 -0.030716169422
0.237184088386 0.01677077929 -0.030720211312
0.235706944058 0.016750225376 -0.03072948281
0.234854190148 0.016743766396 -0.030734434225
0.233795725311 0.016728700016 -0.030742788566
0.232879714457 0.016713255 -0.030750950603
0.23189518438 0.016696695047 -0.030760676466
0.230915778857 0.016675743019 -0.030771313718
0.229993081149 0.01665619023 -0.030782235248
0.228969063418 0.01662633309 -0.03079846218
0.228314723807 0.016596191433 -0.030813182159
0.227666884761 0.016564505163 -0.030831853272
0.226628367242 0.016495471314 -0.030868761923
0.225535097908 0.016403773962 -0.03091778352
0.225535097908 -0.016403773962 -0.03091778352
0.226628367242 -0.016495471314 -0.030868761923
0.227666884761 -0.016564505163 -0.030831853272
0.228314723807 -0.016596191433 -0.030813182159
0.228969063418 -0.01662633309 -0.03079846218
0.229993081149 -0.01665619023 -0.030782235248
0.230915778857 -0.016675743019 -0.030771313718
0.23189518438 -0.016696695047 -0.030760676466
0.232879714457 -0.016713255 -0.030750950603
0.233795725311 -0.016728700016 -0.030742788566
0.234854190148 -0.016743766396 -0.030734434225
0.235706944058 -0.016750225376 -0.03072948281
0.237184088386 -0.01677077929 -0.030720211312
0.237990004901 -0.0167725511 -0.030716169422
0.239353571692 -0.016789501868 -0.03070985324
0.240181068059 -0.016790864872 -0.030706048816
0.241518210646 -0.016806593171 -0.03070040784
0.242371497687 -0.01680755055 -0.030696841906
0.244112795407 -0.016827675633 -0.030689132568
0.245004040876 -0.016830038705 -0.030684975875
0.246590048608 -0.016840465528 -0.030681556013
0.247698979018 -0.016836591967 -0.030679484171
0.248754684251 -0.016848485331 -0.030677222528
0.250409139893 -0.016851391786 -0.030672679675
0.251772345826 -0.016857930303 -0.030672336448
0.253347968419 -0.016852697475 -0.030671484247
0.254859576317 -0.016855796278 -0.030670374742
0.25628822404 -0.016857729427 -0.030669398817
0.25848259562 -0.016866444999 -0.030667247433
0.259783093973 -0.016868734689 -0.030666114953
0.260887646739 -0.016874493912 -0.0306627353
0.262919641437 -0.016883463595 -0.030656135996
0.264300588022 -0.016891198727 -0.030651710729
0.266057854443 -0.016900699116 -0.030645582841
0.267711387872 -0.016911971973 -0.030639981278
0.269319308979 -0.016911489009 -0.030640212917
0.27111295068 -0.0169096449 -0.030641276087
0.272671639352 -0.016907750507 -0.030642319836
0.274485462611 -0.016905830805 -0.030643428386
0.276023882209 -0.01690391942 -0.030644484984
0.277858034499 -0.01690192282 -0.030645639721
0.279371377434 -0.01691216328 -0.030639936518
0.281164576529 -0.016915940845 -0.030638149559
0.282576177833 -0.016917278375 -0.030637433945
0.284456956599 -0.016918950717 -0.030636894047
0.285777623141 -0.016918738364 -0.030637125365
0.287751678086 -0.016918124377 -0.030637951013
0.289022106277 -0.016925392926 -0.03063387397
0.291053571935 -0.016926094112 -0.030633280549
0.292367587251 -0.016925905517 -0.030633327279
0.294359659505 -0.016924862358 -0.030633728384
0.295710280076 -0.016923488614 -0.03063445301
0.29766746236 -0.016920767473 -0.030635805981
0.299040483221 -0.016927953995 -0.030631778408
0.300958595454 -0.016928408688 -0.030631500995
0.302340120484 -0.016927960264 -0.030631747886
0.304253776525 -0.016926874936 -0.030632333265
0.305637304531 -0.016925317052 -0.030633201482
0.307550526186 -0.016922704207 -0.030634641986
0.308880427608 -0.016929674194 -0.030630816865
0.31082488327 -0.01693006359 -0.030630612161
0.312168377803 -0.016929604115 -0.030630873615
0.31411670963 -0.016928522587 -0.030631494958
0.315454201439 -0.016927063067 -0.030632318213
0.317410039646 -0.016924511308 -0.030633765565
0.31879988469 -0.016931287851 -0.030629882471
0.320709305107 -0.016931412139 -0.030629815151
0.32209015205 -0.016930732793 -0.030630196176
0.32400183531 -0.016929387647 -0.030630952106
0.325378104997 -0.016927659748 -0.030631920615
0.327295862183 -0.016924847297 -0.030633498666
0.328666624454 -0.016931710017 -0.03062966078
0.330582089343 -0.016931783286 -0.030629610921
0.331960117145 -0.016931080358 -0.030630003128
0.333875357772 -0.016929683689 -0.030630776956
0.335251310704 -0.016927931461 -0.030631757031
0.337170126238 -0.016925070239 -0.030633351284
0.338557387996 -0.016931918671 -0.03062950479
0.340459842994 -0.016931906556 -0.03062950582
0.341849841642 -0.016931124101 -0.030629943012
0.343752976108 -0.016929651255 -0.030630762015
0.345139975342 -0.016927812213 -0.030631790789
0.347047603142 -0.016924882708 -0.030633425319
0.348382978177 -0.016931632016 -0.030629713421
0.350322179808 -0.016931683823 -0.030629701471
0.351669126538 -0.016930994845 -0.030630092447
0.35361372669 -0.016929611924 -0.030630886251
0.354953192619 -0.016927947523 -0.030631825284
0.356906739465 -0.016925128019 -0.030633426309
0.358234884874 -0.016931633142 -0.030629792824
0.360190985975 -0.016931596711 -0.030629838021
0.361519140838 -0.016930848966 -0.030630264962
0.363482258657 -0.016929307845 -0.030631156255
0.364801258593 -0.016927564787 -0.030632143253
0.366775058879 -0.016924514229 -0.030633883929
0.368087812952 -0.01693082751 -0.030630343197
0.370009118353 -0.0169348004 -0.03062957586
0.371047687835 -0.016935572419 -0.030629346132
0.372146912796 -0.016934649451 -0.03062915185
0.374002168704 -0.016932221029 -0.030629221444
0.375354947122 -0.016931802287 -0.030629425109
0.377018933694 -0.016933370981 -0.030628414872
0.378616442904 -0.016934020262 -0.030628056625
0.380310733386 -0.016933801981 -0.030628177064
0.38190820811 -0.016933321409 -0.030628442224
0.383600199772 -0.016931911943 -0.030629219908
0.385201295173 -0.016930306103 -0.030630105944
0.386887086759 -0.01693119088 -0.030629589329
0.388490915892 -0.01693183267 -0.030629235168
0.3901788242 -0.016931563657 -0.030629383619
0.391782762722 -0.016930994188 -0.030629697871
0.393468095133 -0.016929458294 -0.030630545429
0.395076026985 -0.016927681822 -0.030631525746
0.396759965502 -0.016928403213 -0.030631139461
0.398367117248 -0.016928795196 -0.030630923164
0.400051164927 -0.016928236135 -0.030631231655
0.401659304589 -0.016927359986 -0.030631715116
0.403339778977 -0.016925482305 -0.030632751225
0.404952970318 -0.016923340142 -0.030633933275
0.40663005738 -0.016923623484 -0.030633782755
0.408244363398 -0.016923606471 -0.030633792142
0.409920376735 -0.016922578051 -0.03063435961
0.411537106467 -0.016921197649 -0.030635121298
0.413207928498 -0.016918769325 -0.030636461214
0.414831429785 -0.016916023764 -0.030637976177
0.416495130563 -0.01691557776 -0.030638214946
0.418123240159 -0.016914853886 -0.030638614385
0.419783965686 -0.01691304361 -0.030639613307
0.421416927027 -0.016910798067 -0.030640852413
0.423069759552 -0.016907464769 -0.03064269175
0.424712361292 -0.016903688052 -0.030644775767
0.426354363523 -0.016902067776 -0.030645659425
0.428005424195 -0.016900168209 -0.030646707676
0.429640795403 -0.016897108051 -0.030648396384
0.431300672375 -0.016893394325 -0.030650445754
0.4329236978 -0.016888600822 -0.030653090986
0.43459796815 -0.016883047282 -0.030656155632
0.436205930147 -0.016879553789 -0.030658082462
0.437893596871 -0.016875555324 -0.030660288974
0.439488222418 -0.016870429562 -0.030663117574
0.441191530387 -0.016864097323 -0.030666611956
0.442766156132 -0.016856922722 -0.030670571186
0.444492011787 -0.016848193877 -0.03067538811
0.446042398984 -0.016841685971 -0.030678979681
0.447791528682 -0.016833980762 -0.030683231716
0.449317818422 -0.01682565264 -0.030687827498
0.451093973877 -0.016814650451 -0.030693898935
0.452587494519 -0.016803844866 -0.030699861878
0.4543998157 -0.016789393689 -0.0307078366
0.455853334169 -0.016778313209 -0.0307139502
0.457705845891 -0.016763763006 -0.030721979636
0.459117302431 -0.016750750238 -0.03072916065
0.461015923854 -0.016731122081 -0.030739992323
0.462373395239 -0.016715264435 -0.030748743263
0.464330755392 -0.016690188892 -0.030762581042
0.465625064796 -0.016672959226 -0.030772107626
0.467690556955 -0.016640004726 -0.030788834013
0.469247634655 -0.01661332158 -0.030803357168
0.471082915133 -0.016576892827 -0.030822294967
0.472855776971 -0.01653974655 -0.030842777181
0.474483069917 -0.01650102123 -0.030863179547
0.476411572726 -0.016458068554 -0.030886682916
0.477814425577 -0.016419972251 -0.030906806936
0.47974926335 -0.016361391094 -0.030938290042
0.481094588013 -0.016315099454 -0.030962561714
0.483065277816 -0.01624087009 -0.031001866495
0.484388402714 -0.016185445156 -0.031030606544
0.486375010722 -0.016102265748 -0.031074337688
0.487540298211 -0.016049843478 -0.031101544594
0.489467725872 -0.015954886597 -0.031151286277
0.490505773335 -0.015898208471 -0.031180548665
0.49151358233 -0.015839094618 -0.031210607964
0.493485362804 -0.01571209322 -0.031274168113
0.494559620907 -0.015637783407 -0.031311566976
0.496069853728 -0.015516151924 -0.031371069624
0.497179917151 -0.015418733135 -0.031419402835
0.498584495193 -0.01528642487 -0.031484096089
0.499545871229 -0.015191194607 -0.031530611363
0.501065919257 -0.015031025446 -0.031607983948
0.501888122963 -0.01493779471 -0.031651690335
0.502892046059 -0.014808908927 -0.031709384054
0.503913849996 -0.014668325856 -0.031776219186
0.505087153418 -0.014493172808 -0.031857613179
0.506284848408 -0.01429443067 -0.031946168942
0.507290524647 -0.014114806977 -0.032024606599
0.508602836275 -0.013870718379 -0.032132944608
0.509704612589 -0.013635289078 -0.032230001802
0.511572866878 -0.013195899945 -0.032416723186
0.512544680179 -0.012913539767 -0.032525106621
0.514357467729 -0.012349422606 -0.032748489137
0.515445256284 -0.01193263741 -0.032901076817
0.516956916367 -0.011274321395 -0.033133216153
0.518290116496 -0.010607655039 -0.033351042972
0.519523046652 -0.009725229717 -0.03362138234
0.520385480104 -0.008866118554 -0.033857233805
0.521263792825 -0.007730676512 -0.034135335872
0.521814244549 -0.006850759078 -0.034321543218
0.522578691681 -0.005235019473 -0.034606146954
0.523058255429 -0.003712998247 -0.034800826437
0.523322175836 -0.002494562232 -0.034910817961
0.523461392856 -0.001283309626 -0.034974982542
