0.52475 0.003193515937 -0.044593869091
0.52475 0.004706036358 -0.043450882683
0.52475 0.005549422791 -0.042725878204
0.52475 0.006322922242 -0.04200135927
0.52475 0.007746653086 -0.040597664285
0.52475 0.008508866606 -0.039698979611
0.52475 0.009430577844 -0.03849817036
0.52475 0.010203478423 -0.037416661308
0.52475 0.010652857589 -0.03681011478
0.52475 0.011099550285 -0.036181198437
0.52475 0.01176270135 -0.035257576551
0.52475 0.012464709595 -0.034221754438
0.52475 0.013008044515 -0.033385721415
0.52475 0.013697511503 -0.032205970834
0.52475 -0.013697511503 -0.032205970834
0.52475 -0.013008044515 -0.033385721415
0.52475 -0.012464709595 -0.034221754438
0.52475 -0.01176270135 -0.035257576551
0.52475 -0.011099550285 -0.036181198437
0.52475 -0.010652857589 -0.03681011478
0.52475 -0.010203478423 -0.037416661308
0.52475 -0.009430577844 -0.03849817036
0.52475 -0.008508866606 -0.039698979611
0.52475 -0.007746653086 -0.040597664285
0.52475 -0.006322922242 -0.04200135927
0.52475 -0.005549422791 -0.042725878204
0.52475 -0.004706036358 -0.043450882683
0.52475 -0.003193515937 -0.044593869091
