0.523781313295 0.034637181503 0.005014656038
0.522597513634 0.034646668375 0.004941940587
0.521844492798 0.034654710568 0.004901246235
0.520445027267 0.034660238568 0.004838415
0.518812952514 0.034669930473 0.004784972031
0.517414816272 0.034675337651 0.004744310903
0.516079124883 0.034679354802 0.004710273311
0.515192806814 0.034683406337 0.004690937607
0.513698495067 0.034685126281 0.004661062288
0.51271373428 0.034690205137 0.00464501533
0.511018756018 0.034691202641 0.004621045904
0.509661609509 0.034693389912 0.004603625844
0.50775315775 0.034696580373 0.004578216097
0.50639310778 0.034698938682 0.004564453947
0.504317765872 0.034703173694 0.004545275144
0.503218449289 0.034704209018 0.004536081714
0.502014181639 0.034704724417 0.004526365553
0.499962650649 0.034706945129 0.004510477298
0.498740072925 0.034708348287 0.004500438298
0.496645330976 0.034711406408 0.004484695954
0.495620765896 0.03471134238 0.004478369157
0.494422494439 0.034711457557 0.004472243489
0.492563836883 0.034711179774 0.004464575781
0.491105115122 0.034711975882 0.004458145149
0.489281273994 0.034713063939 0.004449356286
0.487804725514 0.034713907062 0.004442545891
0.485997036203 0.034714589635 0.004437032354
0.484507559356 0.034715148346 0.004432519318
0.482711975888 0.034715939291 0.004426130398
0.481209730789 0.034716531402 0.004421347576
0.479426842388 0.034717273284 0.004415354963
0.477912179126 0.034717855194 0.004410654544
0.476139692751 0.034718175775 0.004408065019
0.474618187711 0.034718417007 0.004406116454
0.472850869754 0.034718720128 0.004403667971
0.471323810256 0.034719061442 0.004400910978
0.469563064802 0.034719482366 0.004397510932
0.468028881927 0.034719823777 0.004394753156
0.466274199034 0.034720017564 0.004393187825
0.464736041004 0.034720139357 0.00439220403
0.462984015892 0.034720270812 0.00439114219
0.461442965963 0.034720505044 0.004389250164
0.459695074336 0.03472078979 0.004386950106
0.458149173413 0.034721024296 0.00438505587
0.456405049672 0.034721076957 0.004384630496
0.454857406583 0.034721109994 0.004384363632
0.453114092951 0.034721164641 0.004383922221
0.451564973672 0.03472133825 0.004382519876
0.449824514573 0.034721547323 0.004380831072
0.448271820984 0.034721720556 0.004379431774
0.44653391074 0.034721710534 0.004379512726
0.444980557429 0.034721698541 0.004379609596
0.44324252557 0.03472170652 0.004379545152
0.441688508674 0.034721844579 0.004378429967
0.439952574975 0.034722009539 0.004377097489
0.438395730014 0.034722146833 0.004375988483
0.436661597864 0.034722092859 0.004376424464
0.435104817911 0.0347220496 0.004376773893
0.433369925788 0.03472202744 0.004376952892
0.431813074456 0.034722130296 0.004376122066
0.430079616069 0.034722253598 0.004375126082
0.428520648742 0.034722357011 0.004374290753
0.426788429044 0.034722291992 0.004374815955
0.425229830739 0.034722239638 0.004375238843
0.423496656088 0.034722204982 0.004375518784
0.421938166573 0.034722303364 0.004374724091
0.42020629732 0.034722420642 0.00437377677
0.418645793498 0.034722518814 0.004372983778
0.416914983525 0.034722431904 0.004373685802
0.415355145388 0.03472236508 0.00437422558
0.413623088112 0.034722318685 0.004374600334
0.412063582233 0.034722407187 0.004373885454
0.410332627408 0.034722512529 0.004373034547
0.408771311205 0.034722600796 0.004372321562
0.407041235356 0.034722507042 0.00437307887
0.405480721088 0.03472243465 0.004373663619
0.403749284616 0.034722381982 0.004374089051
0.402189210955 0.034722465409 0.004373415159
0.400458771928 0.0347225647 0.004372613133
0.3988969917 0.034722647938 0.00437194077
0.397167332502 0.034722549073 0.004372739356
0.395606443649 0.034722472789 0.004373355553
0.393875344471 0.034722416032 0.004373814005
0.392314969327 0.034722495883 0.004373169002
0.390584794983 0.034722590874 0.004372401707
0.389022787042 0.0347226705 0.004371758527
0.38729332546 0.034722568806 0.004372579961
0.385732275791 0.034722487474 0.004373236929
0.384001267701 0.034722420842 0.004373775157
0.382440846828 0.034722500861 0.004373128795
0.3807107203 0.03472259613 0.004372359251
0.379148662185 0.034722675982 0.004371714244
0.377419180791 0.034722559084 0.004372658496
0.375858223017 0.034722477529 0.004373317263
0.374127194652 0.034722426448 0.004373729876
0.372566702847 0.034722510436 0.004373051449
0.370836687942 0.034722610445 0.004372243622
0.369274476315 0.034722694522 0.004371564481
0.367545246275 0.034722594339 0.004372373721
0.365983955008 0.034722513649 0.004373025498
0.364253201451 0.034722449143 0.004373546553
0.362692559374 0.034722519903 0.004372974981
0.360962559151 0.034722604121 0.004372294707
0.359400468831 0.034722674884 0.00437172311
0.357671078898 0.034722579756 0.004372491513
0.356109900771 0.034722504017 0.004373103301
0.35437907702 0.034722443752 0.0043735901
0.352818450867 0.034722521886 0.004372958963
0.351088510641 0.034722614978 0.004372207003
0.349526283696 0.034722693267 0.004371574618
0.347797027916 0.034722590085 0.004372408082
0.34623577485 0.034722509727 0.004373057178
0.34450499405 0.034722447234 0.00437356197
0.342944345724 0.034722523149 0.004372948761
0.341214405051 0.03472261362 0.004372217978
0.33965220107 0.034722689711 0.004371603343
0.337922915139 0.034722587188 0.004372431482
0.336361689868 0.034722506675 0.00437308183
0.33463087637 0.034722443288 0.004373593847
0.333070266202 0.034722518929 0.004372982853
0.331340284514 0.034722609062 0.004372254794
0.329778124608 0.034722684836 0.004371642724
0.328048790958 0.03472258185 0.004372474597
0.326487617542 0.034722500915 0.00437312836
0.324756747658 0.03472243698 0.004373644795
0.323196199358 0.034722511995 0.004373038861
0.321466149297 0.034722601362 0.004372316988
0.319904064478 0.034722676465 0.00437171034
0.318174649358 0.034722572785 0.004372547826
0.316613563842 0.034722491168 0.004373207093
0.314882598467 0.03472242629 0.004373731147
0.313322154292 0.0347225004 0.004373132519
0.311591991124 0.034722588749 0.004372418869
0.310030028086 0.034722663014 0.004371818995
0.308300482414 0.034722558295 0.00437266487
0.306739535244 0.034722476048 0.004373329222
0.305008426319 0.034722410686 0.004373857188
0.303448131623 0.034722484012 0.004373264897
0.301717810341 0.034722571298 0.004372559836
0.300156015413 0.034722644486 0.004371968654
0.298426290098 0.034722538375 0.004372825776
0.296865532975 0.034722455294 0.004373496866
0.295134228117 0.034722389507 0.004374028269
0.29357413173 0.034722462749 0.004373436652
0.291843602402 0.034722548034 0.004372747752
0.290282042465 0.034722617456 0.004372186989
0.288551974835 0.034722492141 0.004373199233
0.286991711326 0.034722395882 0.004373976768
0.285259787084 0.034722316355 0.004374619157
0.283700802918 0.034722297858 0.004374768566
0.281968243859 0.034722278513 0.004374924828
0.280409600321 0.034722262798 0.004375051772
0.278675949021 0.034722040789 0.004376854178
0.277120696792 0.034721893773 0.004378038675
0.275383813128 0.034721800684 0.004378799866
0.273831227439 0.034721682148 0.004379757463
0.272092398325 0.034721556837 0.004380769794
0.270541971528 0.034721463894 0.004381520636
0.268720359049 0.034722752097 0.004379856321
0.26739942381 0.034723276096 0.004379098239
0.265615959086 0.034724971426 0.004378837433
0.264227259892 0.034724676231 0.004378902351
0.263117078256 0.034724654492 0.004379059755
0.260991139986 0.034724582091 0.004379583979
0.259866776748 0.034723845527 0.004379387807
0.258030392864 0.034722515488 0.004379525619
0.256590355559 0.034722597151 0.004380080303
0.255059413489 0.034722496072 0.004381069752
0.253472263454 0.0347223912 0.004381910803
0.252022669073 0.034722367017 0.00438210475
0.250467463476 0.034723854492 0.004381820445
0.249521357618 0.034724187998 0.004381882437
0.248483678989 0.034723371896 0.004382171915
0.247021113616 0.03472220934 0.004382945252
0.245698742032 0.034722862598 0.00438373748
0.244599811279 0.034722795913 0.004384275896
0.243638596616 0.034724217722 0.004384125918
0.242826514663 0.034722948586 0.004383998368
0.241817981577 0.034723550426 0.004383922449
0.241053260828 0.034724319916 0.004383897209
0.240284101168 0.034723555129 0.004383887541
0.239288699127 0.034723412703 0.00438419963
0.23875225211 0.034724175864 0.00438478961
0.237961552613 0.034723330745 0.004386211824
0.237344204715 0.034723867685 0.004387225445
0.236537111096 0.034723047714 0.004388459927
0.235934961301 0.034723609352 0.004389287081
0.235112640632 0.034722815851 0.004390323287
0.234703747378 0.034723366285 0.004390800934
0.234277756383 0.034722707751 0.004391301864
0.233997383867 0.034723373499 0.004391635005
0.233442871464 0.034722817211 0.004392305062
0.232865511451 0.034723189699 0.004393049292
0.232505910515 0.03472286891 0.004393511805
0.232019523177 0.034723052552 0.00439416693
0.231730367841 0.034722748549 0.00439458511
0.231218742139 0.034722900186 0.004395387878
0.230950626255 0.034722505936 0.004395835719
0.230522362303 0.034722492272 0.004396609141
0.230161801918 0.034722594599 0.004397291538
0.229815385641 0.034722466111 0.004397853695
0.229552864573 0.034722412226 0.004398361115
0.229145764113 0.03472237991 0.004399276691
0.22889601845 0.034722305951 0.004399880428
0.228602509845 0.034722173019 0.004400647238
0.22823927894 0.03472200824 0.00440165241
0.22804064512 0.03472203354 0.004402211507
0.227685598162 0.034721829186 0.00440334584
0.227441077145 0.034721747701 0.00440424494
0.227132662718 0.034721617094 0.004405490022
0.226866577122 0.03472142992 0.004406705883
0.226614481785 0.03472128662 0.004407924471
0.226365309441 0.034721093585 0.004409445612
0.226134192051 0.034720829915 0.004411378367
0.225800856298 0.034720341533 0.004415433803
0.225570794077 0.034719757575 0.004418979639
0.225354553276 0.034719371545 0.004423038859
