0.226093108427 0.03647317092 -0.026356531061
0.22714270136 0.036451216731 -0.026384999313
0.228086634333 0.036438006148 -0.026405224997
0.229285402721 0.036422748293 -0.026425543223
0.230556602197 0.036413795437 -0.026438748644
0.231435705344 0.036408769297 -0.026443103889
0.232325445374 0.036407992003 -0.02644679672
0.233698615418 0.036404556892 -0.026451743302
0.235123433909 0.036401256796 -0.026456237682
0.235927235865 0.036397461312 -0.026458551401
0.23683440052 0.0363977601 -0.026460824044
0.238155363254 0.036394696255 -0.026463767131
0.23925714941 0.036392979836 -0.026466861686
0.240410233278 0.036390360729 -0.026470077729
0.24189391841 0.036388398945 -0.026474095145
0.242665185137 0.036384653941 -0.0264761988
0.24363137096 0.036385011194 -0.026478157496
0.244833807273 0.036382478376 -0.026479718983
0.246068340548 0.036382043138 -0.026481901065
0.247298304194 0.03637936417 -0.026483934259
0.248746523903 0.036380262381 -0.026484987437
0.249609131286 0.036376596133 -0.02648593327
0.25053079037 0.036378564038 -0.026487110695
0.25192006062 0.036375049692 -0.026489384495
0.252635330142 0.036376979754 -0.026488880344
0.253821400652 0.036375014681 -0.026488923398
0.254474124343 0.036377169957 -0.026489400824
0.255308294369 0.036376269195 -0.026490177921
0.256689174636 0.036374407892 -0.026491421327
0.257888137974 0.03637415657 -0.026492314192
0.258897948464 0.036373865613 -0.026492988783
0.260277144961 0.036373830399 -0.026494217358
0.261007603372 0.036372647323 -0.026495132156
0.261769458808 0.036371352433 -0.026495489538
0.262879040426 0.036371165499 -0.026496049915
0.263840035604 0.036371799621 -0.026496645333
0.264750571235 0.036370388976 -0.026497292077
0.266177875904 0.036368162013 -0.026498625148
0.267876886377 0.036369173526 -0.02649865369
0.269045474263 0.036370563896 -0.026497482553
0.270008579531 0.036372631875 -0.02649578179
0.271844330888 0.036372278661 -0.026490733993
0.272988783149 0.036379391466 -0.026486048055
0.274798264026 0.036375069158 -0.026487546896
0.276322248643 0.036371211769 -0.026492865813
0.278135246979 0.036366275831 -0.02649860132
0.279870697736 0.036363715371 -0.026502880219
0.281557737459 0.036363031927 -0.026504699822
0.283531579007 0.036364778334 -0.026501425297
0.285345932107 0.036365417769 -0.026501447925
0.286903477073 0.036364314328 -0.026502967895
0.288639925052 0.036362934163 -0.026504868003
0.290192838527 0.036361860038 -0.026506347574
0.291932478448 0.036361944932 -0.026506230522
0.293487056925 0.036364457858 -0.026502769607
0.295221600418 0.036364447551 -0.026502783836
0.296777234536 0.036363182632 -0.026504525934
0.298515655048 0.03636169091 -0.026506580393
0.300066036283 0.036360552686 -0.026508148002
0.301808029497 0.036360657216 -0.026508004038
0.303359969357 0.036363184676 -0.026504523119
0.305096821373 0.036363297286 -0.026504368028
0.306650375707 0.036362200175 -0.026505879013
0.308390547176 0.036360877841 -0.026507700184
0.30993948346 0.036359884023 -0.026509068911
0.311682669574 0.036360102615 -0.026508767858
0.313233578142 0.036362681736 -0.026505215789
0.314971376264 0.036362830038 -0.02650501154
0.316524023485 0.03636173722 -0.026506516613
0.318265078471 0.036360434792 -0.02650831037
0.319813176907 0.036359467901 -0.026509642012
0.321557140189 0.036359721789 -0.026509292347
0.323107319219 0.036362314455 -0.026505721622
0.3248458045 0.03636249267 -0.026505476177
0.326397840116 0.036361447417 -0.026506915742
0.328139402378 0.036360204407 -0.026508627665
0.329687109826 0.036359297344 -0.026509876908
0.331431335402 0.036359623375 -0.026509427886
0.332981374348 0.03636226922 -0.026505783922
0.33471991581 0.036362480295 -0.026505493221
0.336271942855 0.036361451003 -0.026506910804
0.338013485517 0.036360220919 -0.026508604924
0.33956123366 0.036359322562 -0.026509842178
0.341305387404 0.036359671816 -0.026509361171
0.342855560165 0.036362357998 -0.026505661653
0.344593876973 0.036362621888 -0.026505298213
0.346146234009 0.0363616478 -0.026506639766
0.347887334949 0.036360477087 -0.026508252119
0.349435628262 0.03635962544 -0.026509425041
0.351179152372 0.036360014599 -0.026508889077
0.352730023317 0.036362731172 -0.026505147702
0.354467563626 0.036363044978 -0.026504715516
0.356020797861 0.036362124237 -0.026505983598
0.357760899263 0.036361025631 -0.026507496643
0.359310335206 0.036360248612 -0.026508566785
0.361052596556 0.03636068633 -0.026507963942
0.362604764591 0.036363389546 -0.026504240963
0.364341021662 0.036363702505 -0.026503809944
0.365895527311 0.036362770486 -0.026505093558
0.367634379069 0.036361660833 -0.026506621817
0.369185024503 0.036360853686 -0.026507733451
0.37092612693 0.036361269677 -0.026507160533
0.372479434013 0.03636397424 -0.0265034357
0.374214462996 0.036364377158 -0.026502880785
0.375770398795 0.036363562385 -0.026504002922
0.377507604474 0.036362556912 -0.026505387701
0.379060068534 0.036361822524 -0.026506399129
0.380799248454 0.036362272281 -0.026505779706
0.382354500498 0.036364966103 -0.026502069666
0.384087552872 0.036365412216 -0.026501455262
0.385645574508 0.036364666257 -0.026502482626
0.387380535858 0.036363754496 -0.02650373834
0.388935412903 0.036363099344 -0.026504640642
0.390672054873 0.036363598011 -0.026503953857
0.392229870563 0.036366269273 -0.026500274887
0.393960344309 0.036366753308 -0.026499608255
0.395521061486 0.036366089316 -0.026500522732
0.397253150803 0.036365276573 -0.026501642074
0.398811091341 0.036364718737 -0.026502410349
0.400544457775 0.036365337528 -0.026501558124
0.402105795198 0.036368141131 -0.02649769689
0.403832586355 0.036368657777 -0.026496985344
0.405397008742 0.036367984369 -0.026497912788
0.40712540931 0.036367164162 -0.026499042411
0.408687025532 0.036366600392 -0.026499818857
0.410416684186 0.036367258029 -0.026498913134
0.411981897249 0.036370194919 -0.026494868331
0.413704566952 0.036370830349 -0.026493993191
0.415273315274 0.036370247844 -0.02649479544
0.416997211869 0.036369519303 -0.026495798816
0.418563485055 0.036369020752 -0.02649648544
0.420288379385 0.036369723263 -0.026495517914
0.421858446761 0.036372707557 -0.026491407824
0.42357609305 0.036373468988 -0.026490359151
0.425150148 0.036373050904 -0.026490934952
0.426868384943 0.036372519952 -0.026491666201
0.428440686776 0.0363722022 -0.026492103822
0.430159228229 0.036373056395 -0.026490927391
0.431735877324 0.036376123673 -0.026486703012
0.433446770751 0.036376977619 -0.026485526923
0.43502779597 0.036376689961 -0.026485923097
0.436738770443 0.036376328222 -0.026486421299
0.438318673452 0.036376188584 -0.026486613614
0.440029236573 0.03637725142 -0.026485149833
0.44161430118 0.036380558365 -0.026480595376
0.443316416128 0.03638154485 -0.026479236749
0.444906448068 0.036381358704 -0.026479493117
0.4466081975 0.03638111933 -0.026479822792
0.448197563915 0.03638110176 -0.026479846991
0.449898379863 0.036382333519 -0.026478150562
0.451493642304 0.036385933672 -0.026473192287
0.453185017367 0.036387182797 -0.026471471942
0.454786288979 0.03638724652 -0.026471384179
0.456476298151 0.036387270606 -0.026471351008
0.458077893734 0.036387490928 -0.026471047572
0.459766022231 0.036388954744 -0.026469031545
0.461374504522 0.03639286879 -0.026463640963
0.463052008337 0.036394472 -0.026461432958
0.464667900454 0.036394949967 -0.026460774683
0.466342447362 0.036395422994 -0.026460123211
0.467960384128 0.036396095666 -0.026459196781
0.469631286903 0.036398014185 -0.026456554518
0.471258006576 0.036402510939 -0.026450361409
0.472916341621 0.036404486536 -0.026447640536
0.474552142972 0.036405351427 -0.026446449374
0.476205976642 0.036406261999 -0.026445195297
0.477845550488 0.036407444482 -0.026443566734
0.47954022573 0.036409420492 -0.026439987249
0.481563718203 0.036417067476 -0.026430979156
0.483006572116 0.036418871158 -0.026428025273
0.484913318746 0.036420923299 -0.026425229537
0.486293837649 0.036422492838 -0.026423091274
0.488207229718 0.036424944655 -0.026419751039
0.489581563026 0.036427916207 -0.026417384949
0.49080086269 0.036428796469 -0.026416535051
0.491788559526 0.036428475186 -0.026416937843
0.493691891285 0.036438362511 -0.026403374932
0.495148286141 0.036444563267 -0.026394872966
0.4970864385 0.036450803045 -0.0263863091
0.498400584327 0.036453466945 -0.026381308836
0.499279905756 0.036458263733 -0.026375886557
0.500478581475 0.036462177496 -0.026369756533
0.502103608825 0.036468558948 -0.026362966686
0.503088760885 0.03646800678 -0.026358817518
0.503973674929 0.036474867013 -0.026354932529
0.505858040442 0.036478963468 -0.026346070661
0.506875031442 0.036485436617 -0.026339877626
0.508706902104 0.036493408108 -0.02632633994
0.510372263366 0.036503238289 -0.026315586556
0.51122341205 0.036504837652 -0.026309838386
0.512616307937 0.036514192138 -0.026299987703
0.513754800712 0.036519239652 -0.026288316749
0.514692853502 0.036531305092 -0.0262760231
0.516327137515 0.036547716568 -0.026253481385
0.518130369048 0.036565938682 -0.026227813223
0.519164327477 0.036578692866 -0.026205473689
0.520238596188 0.036603617954 -0.026175328091
0.521967910826 0.036643189025 -0.026117474251
0.523490742847 0.036687122391 -0.026056593698
