0.225 0.034968714013 0.001478252153
0.225 0.035069888484 0.001486621031
0.225 0.035229046191 0.001499726092
0.225 0.035395176485 0.001513420835
0.225 0.03550087863 0.001522234802
0.225 0.03560240092 0.001530634971
0.225 0.035772709438 0.001544737939
0.225 0.035877272621 0.001553400394
0.225 0.036077039496 0.001570125484
0.225 0.036204095595 0.001580738667
0.225 0.036401493208 0.001597625537
0.225 0.036617380403 0.001615809462
0.225 0.036794614256 0.001630992762
0.225 0.036992733321 0.001647811621
0.225 0.037148326831 0.001661336311
0.225 0.037316447528 0.001675748252
0.225 0.037558730239 0.001697014194
0.225 0.03771979849 0.001711056556
0.225 0.037965821899 0.001732781296
0.225 0.038163001695 0.001749976751
0.225 0.038329429321 0.001764820491
0.225 0.03847850484 0.001777971744
0.225 0.038672449416 0.001795089456
0.225 0.038869131178 0.001812840222
0.225 0.039069038198 0.001831035579
0.225 0.039301432842 0.001852148538
0.225 0.039446851505 0.001865319587
0.225 0.039734799135 0.001891610732
0.225 0.039920606933 0.001908339291
0.225 0.040233512495 0.001937251998
0.225 0.040441144654 0.001956278452
0.225 0.040764980306 0.00198666442
0.225 0.040960646174 0.002004922397
0.225 0.041305891586 0.002037764957
0.225 0.041617722959 0.002066971899
0.225 0.041798624439 0.002084311829
0.225 0.042078876241 0.002110969874
0.225 0.042239699855 0.002126463696
0.225 0.042401375588 0.002142019538
0.225 0.042680910113 0.002169090119
0.225 0.042855626332 0.002185909079
0.225 0.043057516021 0.00220567298
0.225 0.043236838489 0.002223008254
0.225 0.043379999241 0.002237076772
0.225 0.043608360663 0.002259383125
0.225 0.043829176259 0.002281205395
0.225 0.04397981883 0.002296079249
0.225 0.044163760485 0.002314454752
0.225 0.04435131265 0.002333027866
0.225 0.044488481176 0.002346761389
0.225 0.044722661599 0.002370321701
0.225 0.044914940727 0.002389740382
