0.523259622171 0.029862435464 -0.018252844635
0.521890782575 0.030024950833 -0.017984253948
0.520660806268 0.030147708013 -0.017778112944
0.518890104157 0.030289225961 -0.017532070994
0.517834197861 0.030358789361 -0.017416195412
0.515916844336 0.030444681545 -0.017261015648
0.5146751299 0.030497779555 -0.017171840748
0.51360436229 0.03053555184 -0.017100123138
0.51246718548 0.030575059164 -0.017030140433
0.510610922318 0.030633063968 -0.016929656415
0.509507774033 0.030662012852 -0.016873899067
0.50784111346 0.030704672513 -0.016796959184
0.506528081711 0.030736390931 -0.016741112538
0.505161858871 0.030764199688 -0.016688269206
0.504322365125 0.030776300634 -0.016658452153
0.502635875442 0.030805508342 -0.016605140264
0.501039274432 0.030831298394 -0.016557290101
0.498995523187 0.030863598151 -0.016501207492
0.497750549902 0.030882110352 -0.016469313329
0.496575800069 0.030896599271 -0.016441084694
0.494183281484 0.030925180963 -0.016389638597
0.492924330452 0.030936578262 -0.016368154666
0.491768495258 0.030946297298 -0.016349724251
0.490597702724 0.030955553294 -0.016331991387
0.488310037514 0.030972254815 -0.016300009926
0.487111936074 0.030980236325 -0.016284698698
0.484843556431 0.030994025515 -0.01625831217
0.483662076617 0.031001913037 -0.016243125027
0.481565266572 0.031012248456 -0.016222337556
0.480323784531 0.031017941309 -0.016211026423
0.478326382233 0.031026267269 -0.016194306943
0.476988470654 0.031031408748 -0.016184190777
0.475082903241 0.031037896745 -0.016171176101
0.473657498143 0.031043269347 -0.016160794806
0.471759087099 0.031049133395 -0.016149742373
0.470334766218 0.031053071418 -0.016142119955
0.468411878552 0.031058048491 -0.016132787036
0.467013873333 0.031061221723 -0.016126659634
0.465061509058 0.031065304193 -0.016119074476
0.463700479853 0.031068522485 -0.016112611099
0.461755870287 0.03107196741 -0.016106082316
0.460393798855 0.031074141247 -0.016101871977
0.4584376608 0.031077020724 -0.016096447394
0.457088232659 0.031078771976 -0.01609306589
0.455117635386 0.031081084086 -0.016088753721
0.453786247391 0.031083296371 -0.016084404116
0.451849988312 0.031085124942 -0.016080633038
0.450497834991 0.03108634069 -0.016078211413
0.44859181092 0.031087778165 -0.016075223048
0.447210136556 0.031088761842 -0.016073270343
0.445332510899 0.031089819319 -0.016071040457
0.443918105277 0.031091552515 -0.016067877128
0.44205355399 0.031092609777 -0.016065690501
0.440629921957 0.031093387627 -0.01606416137
0.438787679866 0.031094162576 -0.016062535299
0.43734227763 0.03109474283 -0.016061400177
0.435520911577 0.031095241337 -0.016060321774
0.43405151932 0.031096443141 -0.016057999609
0.432218783593 0.031097146205 -0.016056728833
0.430753639061 0.031097621424 -0.016055798602
0.428906528681 0.031098119161 -0.01605493234
0.427456179182 0.031098424127 -0.01605433872
0.425593552063 0.031098713489 -0.016053883988
0.424162640203 0.031099556256 -0.016052015682
0.422311740592 0.031099919317 -0.016051322992
0.420869752185 0.031100173688 -0.016050825653
0.419017604147 0.031100375604 -0.016050448417
0.417577186916 0.031100504021 -0.016050197701
0.415722942445 0.031100544288 -0.016050137039
0.41428430598 0.03110137682 -0.016048500094
0.412433176794 0.03110156186 -0.016048137475
0.410992593947 0.031101694881 -0.016047876977
0.409142192312 0.031101742702 -0.01604778307
0.407701156329 0.0311017689 -0.016047731758
0.405850762521 0.03110167925 -0.016047907053
0.404406650644 0.031102515957 -0.0160464369
0.402552576524 0.031102601211 -0.016046252383
0.401115926862 0.031102666049 -0.0160461246
0.39926477591 0.031102625302 -0.016046187015
0.397825452379 0.031102592494 -0.016046250599
0.395976558009 0.031102425744 -0.016046559852
0.394533327729 0.031103103977 -0.016045224973
0.392673134493 0.031103200554 -0.016045130296
0.391237444708 0.031103237249 -0.01604506442
0.389362706402 0.031103219215 -0.016045197879
0.387941791234 0.031103167944 -0.016045308131
0.386051889602 0.031103033432 -0.016045673884
0.384652014035 0.031103609068 -0.016044348148
0.382813709932 0.031103455712 -0.016044358375
0.381373919935 0.031103455107 -0.016044360052
0.379578115086 0.031103217517 -0.016044566872
0.378096019632 0.031103152509 -0.016044726578
0.376342217933 0.03110283479 -0.016045120758
0.374812055233 0.031103487807 -0.016043930079
0.373042787357 0.031103546522 -0.016043904728
0.371515218912 0.031103552453 -0.016043872591
0.36972786763 0.031103503395 -0.016044063009
0.368218610769 0.031103417725 -0.016044215342
0.36641256772 0.031103258644 -0.016044626507
0.364929425149 0.031103917921 -0.01604341541
0.36322371058 0.031103615543 -0.016043473721
0.361672500481 0.031103740086 -0.01604349769
0.360074661768 0.031103467687 -0.016043704342
0.35841568999 0.031103618947 -0.016043886026
0.356925448593 0.031103388154 -0.01604421708
0.355146959164 0.031104025399 -0.016043422916
0.353665183772 0.031104087125 -0.016043304541
0.351855001332 0.031104144479 -0.016043185502
0.350371836854 0.031104076722 -0.016043316024
0.348563356176 0.031103976016 -0.016043500827
0.347077945563 0.031103778034 -0.016043881729
0.345271529684 0.031104139118 -0.016043178426
0.343786893927 0.031104164641 -0.016043129408
0.341980048404 0.031104188678 -0.016043082064
0.340495143623 0.03110409695 -0.016043258434
0.338688849947 0.031103978233 -0.0160434855
0.337202902214 0.031103768735 -0.016043888261
0.335396732973 0.031104144895 -0.016043200351
0.333910025553 0.031104165341 -0.016043160966
0.332105410263 0.031104184138 -0.016043126522
0.330618891528 0.031104087395 -0.016043312436
0.328814368812 0.031103963792 -0.016043551755
0.327327262485 0.031103749405 -0.01604396383
0.325523214905 0.031104095892 -0.016043294929
0.324039222185 0.031104111612 -0.016043264253
0.322232403966 0.031104130028 -0.016043240537
0.320750299262 0.031104028366 -0.016043435548
0.318941875861 0.031103903311 -0.016043687636
0.317460880942 0.031103684044 -0.01604410869
0.315652062847 0.03110402864 -0.016043467352
0.31418402676 0.031104032011 -0.016043460553
0.312364204505 0.031104066304 -0.01604347195
0.310908600864 0.031103950838 -0.016043695867
0.309076640902 0.031103834017 -0.016043999794
0.307632667106 0.031103601048 -0.016044451408
0.305782637886 0.031103784711 -0.016043907849
0.304291433234 0.031103776441 -0.01604392182
0.302471040667 0.031103581172 -0.016043963823
0.300919362315 0.031103461979 -0.016044249446
0.299159753694 0.031103142129 -0.016044591169
0.297546736428 0.03110290256 -0.016045169083
0.295855841486 0.031103261572 -0.016044431013
0.294283356129 0.031103110512 -0.016044620614
0.292576073462 0.03110312743 -0.016044823954
0.291053791313 0.031102891292 -0.016045220341
0.289296554088 0.031102797956 -0.016045679003
0.287823821057 0.031102483293 -0.016046267985
0.286001693179 0.031102694209 -0.016045629931
0.284437720376 0.03110292144 -0.016045287155
0.282672024727 0.031103096165 -0.016044434079
0.280990526932 0.031103703795 -0.016043576105
0.279341754844 0.031104213931 -0.016042292103
0.277544462124 0.031105237092 -0.016040840168
0.276020369009 0.031105010362 -0.016040889686
0.274165669886 0.031103900077 -0.016043743259
0.272757701839 0.031102936058 -0.016045744323
0.270792579914 0.03110210458 -0.016048265698
0.269494534455 0.031101497673 -0.016049776235
0.267420423954 0.031100970406 -0.016051908117
0.266224331676 0.031102064542 -0.016050740309
0.265188027459 0.031101774384 -0.016051913992
0.263151450874 0.031099659804 -0.016053992213
0.261947755759 0.031098750307 -0.01605511044
0.260078383261 0.031097196126 -0.016056648535
0.258708390176 0.031096611582 -0.016057659915
0.257058357373 0.031095221195 -0.016059584914
0.255486267175 0.031096640163 -0.016061816227
0.254251208935 0.031093017544 -0.01606340958
0.252528590751 0.031093810996 -0.016066124897
0.251480068884 0.031091880068 -0.016067872899
0.249996804076 0.03109068494 -0.016070591307
0.248853673477 0.031090788988 -0.016072326798
0.247606798624 0.031089376024 -0.01607370062
0.246516279233 0.031089258642 -0.016074763167
0.245241226165 0.031088392176 -0.016075746649
0.244107414995 0.031088248304 -0.016077453652
0.242858880609 0.031086179031 -0.016079632471
0.241706341601 0.031085648502 -0.016081698215
0.240783035482 0.031084544955 -0.016083265096
0.23949066288 0.031082229591 -0.016085494045
0.238696230599 0.031083754357 -0.016087010195
0.237274952822 0.031079629363 -0.016089583543
0.235917093419 0.031081029689 -0.016092319935
0.235147720528 0.031077880324 -0.016095439525
0.233955522108 0.031076519339 -0.016101034667
0.233225592343 0.031073090407 -0.016104684773
0.23201858381 0.031071256732 -0.016111196925
0.231303709231 0.03106760712 -0.016115275707
0.230086465266 0.031065303316 -0.016122697495
0.229453626771 0.031061542634 -0.016126864987
0.228682590045 0.031058722353 -0.016134892645
0.227748522473 0.03105067663 -0.016148262553
0.227040795541 0.031044696458 -0.016161732545
0.226046068924 0.031033018679 -0.016184789782
0.225073482582 0.031016697227 -0.016215743731
