0.225 0.008337847996 -0.034068625364
0.225 0.007958269616 -0.034255012882
0.225 0.007589368308 -0.03442768467
0.225 0.00733367221 -0.034542817196
0.225 0.006825078683 -0.034763543463
0.225 0.006396020919 -0.034938775183
0.225 0.006051522034 -0.035073109307
0.225 0.005708820071 -0.035189997548
0.225 0.005456380577 -0.035272379079
0.225 0.005107916684 -0.035375387032
0.225 0.004870510007 -0.035441736942
0.225 0.004660857985 -0.035498665552
0.225 0.004287325409 -0.035596515107
0.225 0.004079408894 -0.03564492531
0.225 0.003897345495 -0.035686239687
0.225 0.003761383919 -0.035715177561
0.225 0.003502805457 -0.035768280978
0.225 0.003330940537 -0.035801239104
0.225 0.00309158809 -0.035846227581
0.225 0.002972440835 -0.035865922961
0.225 0.00279514434 -0.035894310599
0.225 0.002659524003 -0.035914604403
0.225 0.002466176468 -0.035941665466
0.225 0.002311384383 -0.035961579985
0.225 0.002128035137 -0.035983252745
0.225 0.001941571141 -0.036003600087
0.225 0.001826645927 -0.036015410169
0.225 0.001676210261 -0.036029439741
0.225 0.001556923192 -0.036039709176
0.225 0.001460128214 -0.036047419024
0.225 0.001319852542 -0.03605776704
0.225 0.001217647542 -0.036064501511
0.225 0.00114800054 -0.036068842665
0.225 0.001060888483 -0.03607387264
0.225 0.000906715244 -0.036081781359
0.225 0.000824939302 -0.036085470547
0.225 0.000699566379 -0.036090457018
0.225 0.000590767451 -0.036094106173
0.225 0.000537530626 -0.036095670136
0.225 0.000456634736 -0.03609777511
0.225 0.00037916021 -0.036099420105
0.225 0.00032559206 -0.036100427125
0.225 0.000256521555 -0.036101429065
0.225 0.000166791939 -0.036102453809
0.225 8.9971292e-05 -0.036102923658
0.225 -0.0 -0.036103160116
0.225 -8.9971292e-05 -0.036102923658
0.225 -0.000166791939 -0.036102453809
0.225 -0.000256521555 -0.036101429065
0.225 -0.00032559206 -0.036100427125
0.225 -0.00037916021 -0.036099420105
0.225 -0.000456634736 -0.03609777511
0.225 -0.000537530626 -0.036095670136
0.225 -0.000590767451 -0.036094106173
0.225 -0.000699566379 -0.036090457018
0.225 -0.000824939302 -0.036085470547
0.225 -0.000906715244 -0.036081781359
0.225 -0.001060888483 -0.03607387264
0.225 -0.00114800054 -0.036068842665
0.225 -0.001217647542 -0.036064501511
0.225 -0.001319852542 -0.03605776704
0.225 -0.001460128214 -0.036047419024
0.225 -0.001556923192 -0.036039709176
0.225 -0.001676210261 -0.036029439741
0.225 -0.001826645927 -0.036015410169
0.225 -0.001941571141 -0.036003600087
0.225 -0.002128035137 -0.035983252745
0.225 -0.002311384383 -0.035961579985
0.225 -0.002466176468 -0.035941665466
0.225 -0.002659524003 -0.035914604403
0.225 -0.00279514434 -0.035894310599
0.225 -0.002972440835 -0.035865922961
0.225 -0.00309158809 -0.035846227581
0.225 -0.003330940537 -0.035801239104
0.225 -0.003502805457 -0.035768280978
0.225 -0.003761383919 -0.035715177561
0.225 -0.003897345495 -0.035686239687
0.225 -0.004079408894 -0.03564492531
0.225 -0.004287325409 -0.035596515107
0.225 -0.004660857985 -0.035498665552
0.225 -0.004870510007 -0.035441736942
0.225 -0.005107916684 -0.035375387032
0.225 -0.005456380577 -0.035272379079
0.225 -0.005708820071 -0.035189997548
0.225 -0.006051522034 -0.035073109307
0.225 -0.006396020919 -0.034938775183
0.225 -0.006825078683 -0.034763543463
0.225 -0.00733367221 -0.034542817196
0.225 -0.007589368308 -0.03442768467
0.225 -0.007958269616 -0.034255012882
0.225 -0.008337847996 -0.034068625364
