0.523679779405 0.034638848536 -0.005003516688
0.522434115501 0.034649092971 -0.004929160207
0.521523110234 0.034656704912 -0.004882457822
0.520118231003 0.034662679574 -0.004825448149
0.519322076879 0.034669021595 -0.00480007715
0.518244273475 0.034673464773 -0.004768650017
0.516387897054 0.034678724446 -0.004718187784
0.515182808329 0.03468236184 -0.004691809476
0.514002289862 0.034685632896 -0.00466812152
0.513054371083 0.034689345269 -0.004652260365
0.511607367972 0.034690122171 -0.004631142114
0.510146390405 0.034692597849 -0.004611994433
0.508347264318 0.034695812136 -0.004587134122
0.506800434669 0.034698045604 -0.004569103992
0.505241936814 0.034699932267 -0.004552763224
0.503407894273 0.034702930882 -0.004537773709
0.502153554788 0.034704613046 -0.004528925145
0.500070194105 0.034707046928 -0.004511617216
0.498879341725 0.034708415867 -0.004501882352
0.496933089213 0.034711057105 -0.004487880451
0.495701196185 0.034710958845 -0.004480090646
0.494460977126 0.034711277324 -0.004472924424
0.492565145314 0.034711459809 -0.004462313771
0.491103344224 0.034712354897 -0.004455083629
0.489283358024 0.034713509971 -0.004445753423
0.487802580851 0.034714366071 -0.004438838207
0.485999066192 0.034715024101 -0.004433522918
0.484505965023 0.034715489572 -0.004429763042
0.482712482534 0.034716047726 -0.004425254511
0.481209611048 0.03471655703 -0.004421140568
0.479426551658 0.034717211061 -0.004415857577
0.477912746309 0.034717733803 -0.004411635088
0.476139374739 0.034718107713 -0.004408614797
0.474618487394 0.034718352867 -0.004406634544
0.472850406412 0.034718620961 -0.004404468995
0.471324273197 0.034718962361 -0.004401711309
0.469562608494 0.034719384705 -0.004398299794
0.468029333179 0.034719727198 -0.004395533278
0.466273682386 0.034719906989 -0.004394081005
0.464736586376 0.034720022635 -0.004393146867
0.462983469856 0.034720153948 -0.004392086174
0.461443485408 0.034720393871 -0.004390148178
0.459694589315 0.034720685984 -0.004387788608
0.458149631772 0.034720926196 -0.00438584828
0.45640464304 0.034720989928 -0.004385333479
0.454857803764 0.034721024988 -0.004385050278
0.453113668243 0.034721073743 -0.004384656454
0.451565396658 0.034721247721 -0.004383251134
0.449824096148 0.03472145777 -0.004381554443
0.44827223277 0.034721632424 -0.004380143668
0.446533535132 0.034721630145 -0.004380162074
0.44498093442 0.034721617856 -0.004380261337
0.44324211095 0.034721617781 -0.004380261944
0.441688912939 0.034721758056 -0.004379128859
0.439952188897 0.034721926909 -0.004377764939
0.438396097703 0.034722068139 -0.004376624142
0.436661265308 0.034722021684 -0.004376999385
0.43510514575 0.034721979434 -0.00437734066
0.433369573281 0.034721951995 -0.004377562305
0.431813415845 0.03472205723 -0.004376712259
0.43007928498 0.034722182737 -0.004375698468
0.428520973429 0.034722287521 -0.004374852069
0.426788135396 0.034722229144 -0.004375323612
0.425230123267 0.03472217703 -0.004375744565
0.423496335343 0.034722136335 -0.004376073287
0.421938480269 0.034722236226 -0.004375266406
0.420205993272 0.034722355569 -0.004374302406
0.41864608808 0.034722455766 -0.004373493051
0.416914724603 0.034722376488 -0.004374133427
0.415355399786 0.034722310632 -0.004374665382
0.413622807753 0.034722258682 -0.004375085018
0.412063857574 0.034722348257 -0.004374361463
0.410332359509 0.034722455192 -0.00437349769
0.408771571534 0.034722545079 -0.004372771617
0.407041008722 0.034722458537 -0.004373470674
0.405480943361 0.034722387078 -0.004374047884
0.403749038281 0.03472232926 -0.004374514914
0.402189448788 0.034722414507 -0.004373826323
0.400458545096 0.034722516152 -0.00437300528
0.398897207938 0.034722601658 -0.004372314602
0.397167151571 0.03472251035 -0.00437305215
0.395606618981 0.034722435263 -0.004373658667
0.393875146458 0.034722373653 -0.00437415633
0.392315154417 0.03472245627 -0.004373488984
0.390584626183 0.034722554747 -0.004372693528
0.389022940509 0.034722637654 -0.004372023841
0.387293208341 0.03472254374 -0.004372782436
0.385732371791 0.034722466928 -0.004373402893
0.384001188344 0.034722403858 -0.004373912348
0.382440919703 0.034722485264 -0.00437325478
0.380710655146 0.034722582186 -0.004372471888
0.379148718994 0.034722663823 -0.004371812454
0.377419217023 0.034722566838 -0.00437259586
0.37585817743 0.034722487286 -0.004373238452
0.374127169396 0.034722421042 -0.004373773538
0.372566723986 0.034722505912 -0.004373087994
0.370836671416 0.034722606908 -0.004372272193
0.369274489228 0.034722691759 -0.004371586805
0.367545223065 0.034722589371 -0.004372413846
0.365983985572 0.034722507108 -0.004373078335
0.364253162033 0.034722440707 -0.004373614698
0.362692594647 0.034722512354 -0.004373035961
0.360962528908 0.034722597648 -0.004372346991
0.359400494729 0.034722669341 -0.004371767883
0.357671066269 0.034722577053 -0.004372513346
0.356109915008 0.03472250097 -0.004373127913
0.354379047067 0.034722437341 -0.004373641883
0.352818473392 0.034722517065 -0.004372997905
0.351088496087 0.034722611863 -0.004372232164
0.349526291984 0.034722691493 -0.004371588946
0.347797030322 0.0347225906 -0.004372403922
0.346235774141 0.034722509879 -0.004373055951
0.344504980977 0.034722444436 -0.00437358457
0.342944350593 0.034722522107 -0.004372957179
0.341214408869 0.034722614437 -0.004372211378
0.339652190431 0.034722691988 -0.00437158495
0.337922937666 0.034722592009 -0.004372392537
0.336361668349 0.034722511281 -0.004373044627
0.334630884473 0.034722445022 -0.004373579838
0.333070249468 0.03472252251 -0.004372953923
0.331340310563 0.034722614637 -0.00437220976
0.329778090907 0.034722692049 -0.004371584463
0.328048837482 0.034722591808 -0.004372394167
0.326487571303 0.034722510811 -0.004373048423
0.32475678124 0.034722444168 -0.004373586739
0.323196156765 0.034722521111 -0.004372965226
0.321466201887 0.034722612618 -0.004372226071
0.319904003441 0.034722689528 -0.00437160482
0.318174723549 0.034722588663 -0.004372419566
0.316613489451 0.034722507089 -0.004373078486
0.314882661041 0.034722439682 -0.00437362297
0.313322082261 0.034722515816 -0.004373007993
0.311592073214 0.034722606319 -0.004372276952
0.310029937725 0.034722682353 -0.004371662779
0.308300586782 0.034722580632 -0.004372484439
0.30673943224 0.034722498094 -0.004373151149
0.30500851226 0.03472242908 -0.004373708613
0.303448037139 0.034722504233 -0.004373101555
0.301717915133 0.034722593726 -0.004372378674
0.300155900548 0.03472266907 -0.004371770075
0.298426425934 0.034722567447 -0.004372590943
0.29686539316 0.034722485218 -0.004373255156
0.295134353929 0.034722416433 -0.004373810767
0.293574008174 0.034722489193 -0.004373223048
0.291843741347 0.034722577771 -0.004372507545
0.290281869834 0.034722654403 -0.004371888546
0.288552298923 0.034722561503 -0.004372638951
0.286991280085 0.034722488178 -0.00437323124
0.285260309912 0.034722428253 -0.004373715295
0.283699932554 0.034722484137 -0.004373263885
0.281969502817 0.03472254796 -0.004372748347
0.280408019725 0.034722601083 -0.004372319245
0.278678064967 0.034722493732 -0.004373195347
0.277118349295 0.034722396156 -0.004373980324
0.275386088627 0.034722287746 -0.004374865132
0.273829243401 0.034722106823 -0.004376326716
0.272093874662 0.034721872841 -0.004378216949
0.270541025061 0.034721666481 -0.00437988403
0.268806451775 0.03472190871 -0.004378967482
0.267297474586 0.034721956434 -0.004378363123
0.265522922591 0.034722143602 -0.004378037578
0.264057480649 0.03472212282 -0.004378207632
0.262286307527 0.034722127589 -0.004378168606
0.260820831396 0.034722146087 -0.004378017245
0.258973082032 0.0347242227 -0.004378659945
0.257916812567 0.034724223393 -0.00437897881
0.256721652865 0.034723209302 -0.00437933252
0.254986188201 0.03472259293 -0.004379689055
0.253570578144 0.034722511078 -0.004380325528
0.251949983072 0.034722346451 -0.004381605654
0.250535733854 0.034723344529 -0.004380785715
0.249444746451 0.0347240318 -0.004380712177
0.248514653932 0.03472402879 -0.004381036081
0.246941335468 0.034722163645 -0.004382381074
0.245691857675 0.034722790032 -0.004383249167
0.244522261237 0.034722743473 -0.004383620071
0.243403417534 0.034724207577 -0.004384369882
0.242689214124 0.034722850019 -0.004384897532
0.241631732519 0.034723373979 -0.004385822501
0.240856341306 0.034723691361 -0.004386544597
0.23999793156 0.034723020662 -0.004387453079
0.239034250952 0.034723084112 -0.004388463211
0.238574045289 0.03472370341 -0.00438830548
0.237706949514 0.034723432788 -0.004388252383
0.237099134409 0.034723574994 -0.004388362836
0.236327198576 0.034723643232 -0.004388659404
0.235623123722 0.034723450169 -0.00438909766
0.2349475033 0.034723429754 -0.004389656165
0.234535099031 0.034723327042 -0.004390193455
0.234130225006 0.034723258179 -0.004390729738
0.23363360538 0.034723280507 -0.004391350551
0.233312945014 0.03472283381 -0.004391747626
0.232823125837 0.034723230344 -0.004392341182
0.232453607411 0.034723035515 -0.004392894412
0.23197313189 0.034723111532 -0.004393382743
0.231678824289 0.034722841433 -0.004393771819
0.231266598919 0.034722780307 -0.004394437003
0.230896768706 0.034722840148 -0.004395086449
0.230570185246 0.034722672422 -0.004395716101
0.230114797738 0.03472235775 -0.004396657918
0.229795843742 0.034722587009 -0.004397253462
0.229510748113 0.034722173543 -0.0043978089
0.229193127462 0.034722507934 -0.004398529316
0.228854786446 0.034722290361 -0.004399374176
0.228485102945 0.034722199076 -0.004400371484
0.228177621177 0.034722127123 -0.004401241882
0.227944485723 0.034722026199 -0.004401930987
0.227623443035 0.034721840399 -0.004403008309
0.227434669527 0.034721847804 -0.00440373043
0.227069476675 0.034721522478 -0.004405285286
0.226744265967 0.034721456415 -0.00440685064
0.226559801231 0.034721262307 -0.004407792973
0.226352280437 0.034721210704 -0.004408568324
0.226095470872 0.034721007489 -0.004410337742
0.225744000869 0.034720391297 -0.004415160244
0.225548433369 0.03471980545 -0.004418572928
0.2253522091 0.034719435031 -0.004422612651
