0.225928147272 0.032479054977 -0.03114604058
0.227200849 0.032439024852 -0.031187627456
0.22866116371 0.032405964278 -0.031222616784
0.229401698001 0.032390886306 -0.031235517041
0.230184055364 0.032384185503 -0.031245066968
0.231583740095 0.032379503888 -0.031249685345
0.23302139099 0.032371590951 -0.03125786386
0.233933558055 0.032364859339 -0.031262393275
0.234869185529 0.032363147445 -0.031266533132
0.236278327259 0.032357167756 -0.031272041321
0.2376601147 0.032353516322 -0.031276438148
0.238623071555 0.032348857444 -0.031279026886
0.239578259854 0.032348524913 -0.0312815518
0.24080425908 0.032344086674 -0.031284796693
0.241902067226 0.032342379221 -0.031287669002
0.242985456403 0.032338480466 -0.031290541677
0.244194563739 0.032336761973 -0.031293709534
0.245149001718 0.032332661336 -0.031295540766
0.246129125086 0.032334531364 -0.031296106278
0.247415890944 0.03233384117 -0.03129679222
0.248819413235 0.03233284761 -0.031298273315
0.249537290953 0.032328869001 -0.03129940071
0.250337883155 0.032330215776 -0.031300737299
0.251658843119 0.032326530801 -0.031303605271
0.252734574238 0.032325437019 -0.031304219991
0.254288078474 0.032323603436 -0.031305005572
0.255620772238 0.032323426405 -0.031305548592
0.256802280577 0.032321748711 -0.031307046972
0.258301836108 0.03232125998 -0.031309225367
0.259197990081 0.032320969189 -0.031310576738
0.260279409708 0.032318546719 -0.031311524095
0.261614363029 0.032316429584 -0.031312997979
0.262438681078 0.032317427033 -0.031314106339
0.264124767003 0.032312981811 -0.031316284887
0.26581807684 0.032312928661 -0.031317678654
0.266981479198 0.032313091661 -0.031318616881
0.268683362881 0.032309270249 -0.031321918115
0.269997514361 0.032306030863 -0.031324145849
0.27184039034 0.032304969627 -0.031326852748
0.273013290009 0.032301250611 -0.031328374515
0.274252532022 0.03230215938 -0.031329699625
0.275881422137 0.032303640862 -0.03132339382
0.277752820718 0.032299871234 -0.031327921338
0.279789004999 0.03229941166 -0.031329419685
0.281462846746 0.032298728867 -0.031330311432
0.283828714787 0.032299663875 -0.031331404498
0.285174686338 0.032300413584 -0.03133182131
0.286532382492 0.032299565571 -0.031331406079
0.288786907718 0.032298686149 -0.031330892618
0.290046865365 0.032297805981 -0.031331783366
0.29207729779 0.032296827034 -0.031332774027
0.293339560053 0.032296279132 -0.031333328504
0.295368279835 0.032295841193 -0.031333771631
0.296631660166 0.03229562924 -0.031333986108
0.298659888952 0.032295920012 -0.031333691778
0.299923321757 0.032295316058 -0.031334303016
0.301950421806 0.03229469035 -0.031334936271
0.303215383546 0.032294290247 -0.0313353412
0.305241316881 0.032293995035 -0.031335639973
0.306507081731 0.03229380082 -0.03133583653
0.308532793695 0.032294157896 -0.031335475147
0.309798513109 0.032293704987 -0.03133593352
0.311823631458 0.032293378035 -0.031336264415
0.313090217724 0.032293206075 -0.031336438449
0.315114965955 0.032293330951 -0.031336312067
0.316381424132 0.032293442114 -0.031336199563
0.318406815407 0.032294043526 -0.031335590898
0.319672718184 0.032293548862 -0.031336091527
0.32169756723 0.032293136887 -0.031336508472
0.322964532701 0.032292887823 -0.03133676054
0.324988753626 0.032292871326 -0.031336777236
0.326255911191 0.032292870008 -0.03133677857
0.328280540918 0.032293492201 -0.031336148872
0.329547120027 0.032293102467 -0.031336543307
0.331571463868 0.032292838007 -0.031336810956
0.332838779572 0.032292670042 -0.031336980948
0.334862778802 0.032292762065 -0.031336887815
0.336130045934 0.032292817637 -0.031336831572
0.338154657467 0.032293517733 -0.031336123032
0.339421177367 0.03229316428 -0.031336480749
0.341445625789 0.032292930472 -0.031336717376
0.342712814103 0.032292765502 -0.031336884336
0.344736927342 0.032292834789 -0.031336814213
0.346004116597 0.032292859797 -0.031336788904
0.348028776829 0.032293547415 -0.031336092992
0.34929520502 0.032293269886 -0.031336373869
0.351319893414 0.032293178869 -0.031336465983
0.352586665626 0.032293130934 -0.031336514496
0.354611415482 0.032293408489 -0.031336233593
0.355877719731 0.03229359165 -0.031336048223
0.35790344454 0.032294386017 -0.031335244275
0.3591687214 0.032294129719 -0.031335503665
0.361194614955 0.032294096881 -0.031335536899
0.362460106008 0.032294102878 -0.031335530829
0.364486248918 0.032294491566 -0.031335137453
0.365751025991 0.03229476145 -0.031334864314
0.367778402045 0.03229565212 -0.031333962902
0.369041936216 0.032295434416 -0.031334183231
0.371069624135 0.032295439214 -0.031334178375
0.37233328422 0.032295461574 -0.031334155746
0.374361271028 0.032295852976 -0.031333759623
0.375624206483 0.032296116782 -0.031333492635
0.377653460028 0.032297066447 -0.031332531515
0.378915003363 0.032296956954 -0.031332642329
0.380944870589 0.032297131574 -0.031332465603
0.382206166706 0.032297256522 -0.031332339148
0.384236696623 0.032297809602 -0.031331779397
0.385496913784 0.032298170161 -0.031331414489
0.387529000406 0.0322991924 -0.03133037992
0.388787653862 0.032299094127 -0.031330479378
0.390820423593 0.032299276152 -0.031330295159
0.39207880867 0.032299406287 -0.031330163454
0.394112252465 0.032299958367 -0.031329604715
0.395369557048 0.032300318008 -0.031329240736
0.397404612459 0.032301424089 -0.031328121314
0.398660162545 0.032301440507 -0.031328104698
0.400696224569 0.032301786537 -0.031327754494
0.401951145697 0.032302005891 -0.031327532494
0.403988198055 0.032302682086 -0.031326848144
0.405241766911 0.032303105205 -0.031326419921
0.407280683 0.032304332133 -0.031325178194
0.408532211791 0.032304464644 -0.031325044085
0.410572514217 0.032305017808 -0.031324484249
0.411822960746 0.032305375515 -0.031324122228
0.413864747953 0.032306297274 -0.031323189351
0.415113306728 0.032306880847 -0.031322598739
0.417157459742 0.032308281961 -0.031321180725
0.418403575247 0.032308500453 -0.031320959599
0.420449463746 0.032309222529 -0.031320228813
0.421694126492 0.032309702983 -0.031319742564
0.423741938322 0.032310857281 -0.031318574343
0.424984206833 0.032311600188 -0.031317822476
0.427034900273 0.032313211004 -0.031316192231
0.42827425361 0.032313546906 -0.031315852277
0.430327108582 0.032314452961 -0.031314935294
0.431564606647 0.032315041831 -0.031314339322
0.433619774231 0.032316369584 -0.031312995554
0.434854502211 0.032317211617 -0.031312143365
0.436912963987 0.032319059363 -0.031310273332
0.438144238938 0.032319615719 -0.031309710266
0.440205570149 0.03232088823 -0.031308422407
0.441434197329 0.032321692822 -0.03130760811
0.443498629328 0.032323385383 -0.031305895134
0.444723702907 0.032324437913 -0.031304829909
0.446792200562 0.032326637917 -0.03130260337
0.448013023203 0.032327456329 -0.031301775086
0.450085316955 0.032329219471 -0.031299990678
0.451302441703 0.032330329876 -0.03129886688
0.453378973083 0.03233259724 -0.031296572169
0.45459132127 0.032333998453 -0.031295154055
0.456673129058 0.032336712379 -0.031292407395
0.457880089052 0.032337831935 -0.031291274335
0.45996685353 0.032340190967 -0.03128888685
0.461168855638 0.03234166718 -0.031287392832
0.463261248508 0.032344658681 -0.031284365249
0.464456953588 0.032346488792 -0.031282513064
0.466556186941 0.032349928095 -0.031279032278
0.467744934102 0.032351483645 -0.031277457966
0.469850813256 0.032354737076 -0.031274165294
0.471032740789 0.032356734925 -0.031272143348
0.473146291339 0.032360802577 -0.031268026634
0.474319699614 0.032363236965 -0.031265562884
0.476341860761 0.032368554512 -0.031261400029
0.477805121271 0.032370187331 -0.031257943902
0.479260266322 0.03237308624 -0.031254114599
0.481367510881 0.032377188794 -0.031248184716
0.483185935799 0.032383277602 -0.031242383513
0.484927059082 0.032388612426 -0.03123656163
0.486951663733 0.032393703384 -0.031231984815
0.488311254145 0.032396633522 -0.031231061815
0.48927169098 0.032397764604 -0.031229474182
0.490595710168 0.032402573626 -0.031225691175
0.491883913847 0.032404605858 -0.031222309232
0.493025339517 0.032408461481 -0.031219549535
0.494496124434 0.032411143869 -0.031216475886
0.495871054635 0.032419167302 -0.031208753669
0.49666339394 0.032421410462 -0.031204549799
0.497406469844 0.03242710316 -0.031200625317
0.498826658208 0.03243362288 -0.031193053069
0.499943141565 0.032442710443 -0.031182376083
0.5009042812 0.032450782685 -0.031174117471
0.502360512625 0.032461281463 -0.031163882248
0.503481861653 0.032467140418 -0.031155318029
0.504686178024 0.032479747881 -0.031144781255
0.505939969636 0.032488050937 -0.031133707599
0.507088597077 0.032500283395 -0.031123264729
0.508398128358 0.032510378801 -0.031111389986
0.509733475949 0.032521625118 -0.031100789812
0.510963719389 0.032530286288 -0.031089876798
0.512363942465 0.032546313142 -0.031075403493
0.513529582795 0.032555935928 -0.031062135921
0.514564838798 0.032571300571 -0.031049220326
0.516100251871 0.032590034421 -0.031029349133
0.517950967431 0.032617994446 -0.031000898067
0.518956698395 0.032635854153 -0.030977204841
0.520097128286 0.032672497026 -0.030942813534
0.521853349198 0.03273349214 -0.030876113426
0.523287515283 0.032799551503 -0.030807546159
