0.523786891725 0.024401786211 -0.025090548734
0.522059398074 0.024890742156 -0.024601881566
0.520537430706 0.025239250112 -0.024247343877
0.519352355125 0.025461400743 -0.02401443821
0.518017142173 0.025659134213 -0.023802405577
0.516653206194 0.025816878801 -0.023631846463
0.515423054113 0.02594019224 -0.023495997361
0.51453062591 0.026020841858 -0.023403838546
0.513324937514 0.026125611156 -0.023289509595
0.51235977754 0.026196359496 -0.02320877793
0.511002396595 0.026285786877 -0.023108884938
0.510050728036 0.026342369451 -0.023044766294
0.508802778051 0.026412501948 -0.022963898821
0.506949778288 0.02650696213 -0.022853257292
0.505134471882 0.026591611876 -0.022756162019
0.503855074233 0.026645194333 -0.022694075393
0.502629345147 0.026690885861 -0.022639794881
0.501300440372 0.026732214488 -0.022587687417
0.498970241089 0.02679794383 -0.022509548925
0.49711502617 0.026845965402 -0.022452626141
0.495094201468 0.026892479312 -0.022395592661
0.492692748405 0.026948123934 -0.022333676164
0.491185838606 0.026975399254 -0.022297615607
0.489171800373 0.027011407238 -0.022254373659
0.487440281654 0.027039181525 -0.022219633053
0.48561746462 0.027067297099 -0.022185328426
0.484037427561 0.027089345774 -0.02215824256
0.482275045642 0.027111413618 -0.022131275531
0.480642422175 0.027129468375 -0.022109026971
0.478920023445 0.02714604494 -0.022088747365
0.477271932679 0.02716222082 -0.022069202382
0.475594379415 0.027175336418 -0.022053064403
0.473938839462 0.027187183844 -0.022038437291
0.472301977356 0.027197747983 -0.022025432604
0.470609396085 0.027207552121 -0.02201331409
0.469003381887 0.027215724832 -0.022003249324
0.467288402743 0.027225511602 -0.021991241547
0.465732304277 0.027232981361 -0.021982014963
0.463987264659 0.027240673201 -0.021972563485
0.462472374006 0.02724649952 -0.021965372586
0.460688645075 0.027252652528 -0.021957827111
0.459208089675 0.027256927822 -0.021952555393
0.457390431786 0.027263222441 -0.021944825208
0.455934425236 0.02726751466 -0.021939535338
0.45409178095 0.027272428064 -0.021933479296
0.452654422054 0.027275663567 -0.021929491701
0.450794955588 0.027279320843 -0.0219249837
0.449371192833 0.027281529255 -0.02192226189
0.447496235647 0.02728546048 -0.021917309924
0.446059159828 0.027288039289 -0.021914111713
0.444190121792 0.027290913171 -0.021910402018
0.44272974292 0.027292757679 -0.021908115239
0.440885407802 0.027294614091 -0.021905667814
0.439397807618 0.027295702236 -0.02190432395
0.437583777669 0.027298326196 -0.021900960742
0.436097753045 0.027299981769 -0.021898912727
0.434287863769 0.027301736235 -0.021896715543
0.432802467667 0.027302766371 -0.021895441204
0.43099305938 0.027303758224 -0.021894187704
0.429505256562 0.027304161728 -0.02189368913
0.427701443134 0.027306197828 -0.021891256622
0.42625209687 0.027307271049 -0.021889931898
0.424420523362 0.027308588839 -0.021888493302
0.423015190374 0.027309148365 -0.021887826636
0.421140527097 0.027309834548 -0.021887191012
0.419776720841 0.027309907622 -0.021887145412
0.417856348244 0.027311325924 -0.021885528537
0.416502178864 0.027312064442 -0.0218846188
0.414563806327 0.027312913624 -0.021883573854
0.413212723849 0.027313181776 -0.021883243777
0.411272170473 0.027313356537 -0.021883029945
0.409921661454 0.027313153439 -0.021883280597
0.407977372198 0.027314026959 -0.021882084564
0.406600155099 0.027314515567 -0.021881436333
0.404674178517 0.027314910858 -0.021880749551
0.403261697044 0.027314960506 -0.021880657525
0.401371833938 0.027314745571 -0.021880739748
0.399921708303 0.027314332876 -0.021881235568
0.398072201967 0.027315229191 -0.02188001444
0.396617159856 0.02731561843 -0.021879531826
0.394779075711 0.027315972074 -0.021879076361
0.393321263791 0.027315934793 -0.021879121859
0.391486721501 0.027315749706 -0.021879333541
0.390024025421 0.027315281569 -0.021879912786
0.388198406348 0.027316318565 -0.021878755762
0.386782361376 0.027316675461 -0.021878337489
0.384923026123 0.027317222046 -0.021877942201
0.383561550327 0.02731721729 -0.021878006857
0.381648359508 0.027317255618 -0.021878274596
0.380339546212 0.027316916047 -0.021878785757
0.37836761149 0.027317644563 -0.02187806245
0.377065377754 0.0273179961 -0.021877621353
0.37507437611 0.027318330334 -0.021877182699
0.373768789786 0.027318279393 -0.021877236915
0.371781945547 0.027317999247 -0.021877554438
0.370470767798 0.02731754082 -0.021878110424
0.368492590525 0.027318148481 -0.021877462228
0.367209529798 0.027318512971 -0.021877085055
0.36521117471 0.027318991513 -0.021876724683
0.363963249265 0.027319001709 -0.021876797478
0.361930505406 0.027318896824 -0.021877167743
0.360715670472 0.027318569278 -0.0218776681
0.358646703095 0.027319010846 -0.021877266968
0.35744300567 0.0273193804 -0.021876826262
0.355355942613 0.02731977048 -0.021876377589
0.354157240724 0.027319759812 -0.021876403037
0.352066004877 0.027319485351 -0.021876768749
0.3508700116 0.027319094188 -0.021877260427
0.348776546384 0.02731933089 -0.021876949202
0.347585835537 0.027319666707 -0.021876542008
0.345484976059 0.027320003022 -0.021876139336
0.344296293604 0.027319967129 -0.021876187128
0.342194237109 0.027319644552 -0.021876590889
0.341005392422 0.027319234851 -0.021877096159
0.338901684667 0.027319402297 -0.021876838218
0.337701022816 0.027319655586 -0.021876476055
0.335605206611 0.02731982505 -0.021876147178
0.334389696775 0.027319705812 -0.021876243959
0.332309546694 0.027319236226 -0.021876701084
0.331077002988 0.027318732896 -0.021877272007
0.329015775678 0.027318981787 -0.021876918959
0.32778556053 0.027319262152 -0.021876590785
0.325725435468 0.027319522329 -0.021876311832
0.324501035932 0.027319430377 -0.021876440498
0.322435905879 0.027319060291 -0.021876934407
0.321215197206 0.027318596 -0.021877519593
0.319145848305 0.02731895323 -0.021877223979
0.317936157659 0.027319266706 -0.021876891361
0.315858672673 0.027319594602 -0.021876618231
0.314666974568 0.027319544662 -0.021876734732
0.312572290534 0.027319228097 -0.021877254517
0.31139638473 0.027318821871 -0.021877810315
0.309284036548 0.02731895345 -0.02187767752
0.308112555013 0.027319239101 -0.02187732225
0.305989269608 0.027319466183 -0.021877031189
0.304816786186 0.027319368771 -0.021877144358
0.302695371735 0.027318901389 -0.021877702606
0.30151958929 0.027318416708 -0.02187828947
0.299400420561 0.027318445277 -0.021878275998
0.298227297762 0.027318658839 -0.021878038709
0.296102934705 0.027318772699 -0.02187795345
0.294936416392 0.02731861456 -0.021878171186
0.292806299623 0.027318045145 -0.021878921624
0.291644140207 0.027317515527 -0.021879593681
0.289503547176 0.027317300458 -0.021879819084
0.288326588236 0.027317374758 -0.021879673507
0.286187575175 0.027317248863 -0.021879707033
0.284995665427 0.027316977572 -0.02187998669
0.282872379369 0.02731624273 -0.021880768121
0.281663455538 0.027315614268 -0.021881488082
0.279553653898 0.027315063677 -0.021881964502
0.278315596195 0.027314822349 -0.021882164269
0.276228611187 0.027314394487 -0.02188245672
0.274959162892 0.027314142985 -0.021882681022
0.272903588186 0.027313711841 -0.021882989884
0.271602696607 0.027313449816 -0.02188323922
0.269581062679 0.027312107532 -0.021884047672
0.268168256805 0.027310551702 -0.02188574213
0.266288916392 0.027308310389 -0.021887632613
0.264698943436 0.027307298914 -0.021889064572
0.262995998264 0.027305957634 -0.021890253284
0.261231209964 0.027305576012 -0.021891303315
0.25963387544 0.027302948056 -0.021892650526
0.257746443477 0.02730517193 -0.021895395773
0.256598777615 0.027300500345 -0.021897103377
0.255139960599 0.027298220903 -0.02189955832
0.25356412308 0.027295182989 -0.021902337761
0.251826220603 0.027296626441 -0.021905801142
0.250652925617 0.027291031885 -0.021906443997
0.249637885728 0.027295510615 -0.021906997565
0.248001473703 0.027292168798 -0.021908969208
0.246981154143 0.027290713577 -0.02191246138
0.245465131307 0.027285476913 -0.021917552649
0.244411617895 0.027283569153 -0.021921156008
0.243051795556 0.027280626711 -0.021924661607
0.241970195119 0.027278620485 -0.021927096236
0.240884748975 0.027276416687 -0.02192991753
0.239568620784 0.027273696502 -0.021933944818
0.238718033069 0.027269074235 -0.021936829611
0.237438187804 0.027267867631 -0.021941754475
0.236560689226 0.027262878617 -0.021945215499
0.235832400845 0.027262901007 -0.021948354818
0.234429589589 0.027256246568 -0.021955204567
0.233320192149 0.027251543714 -0.021961477368
0.232298825053 0.027245618961 -0.021967777625
0.231014063398 0.027239858677 -0.021976644624
0.230223993072 0.027231952184 -0.021983706137
0.229385241768 0.027225183632 -0.021994559244
0.228261599618 0.027208637205 -0.022013594912
0.227279333258 0.027191991064 -0.02203533293
0.226300884918 0.027170370284 -0.022060827494
0.225134626104 0.027141869596 -0.022097343826
