0.523175286266 0.029871695858 0.018237957965
0.522040588343 0.030006445773 0.018015210407
0.520687174363 0.030141768877 0.017787778414
0.519438134989 0.030247119317 0.017608427048
0.517974594152 0.030343935789 0.017440953876
0.516819866538 0.03040230579 0.017336090737
0.5153940015 0.030465308782 0.01722817073
0.514375059964 0.030503272809 0.017155302159
0.513498956435 0.030539754575 0.017096865807
0.511927511514 0.03059392149 0.016999619448
0.510403238615 0.030640807679 0.016914916321
0.509433985045 0.030662965456 0.016866980477
0.508246778718 0.030695473018 0.016815295926
0.507196399767 0.030718923608 0.016769411009
0.506285073116 0.030741001699 0.016732361369
0.504828859367 0.030770886625 0.016677484221
0.503290509451 0.030798912682 0.016625841322
0.502456680953 0.03081048246 0.016600385188
0.500929216471 0.030836691615 0.016554126653
0.499970783257 0.030851854533 0.016527147537
0.498964648894 0.0308649522 0.016500889087
0.497481182939 0.030882864312 0.016465264198
0.495750990347 0.030904677009 0.01642735523
0.494724778302 0.030914144304 0.016407264055
0.493392472285 0.030927006119 0.016382223801
0.491700680457 0.030942205994 0.016352046449
0.490013509611 0.03095739121 0.016324725329
0.488673528033 0.030968524349 0.016304291692
0.486752566839 0.030984229151 0.016277886863
0.485574285017 0.030990822023 0.016262722621
0.48426349412 0.030997368057 0.016249397513
0.482320589717 0.031006881417 0.016229560256
0.480768864301 0.031015116148 0.016213919036
0.479067027543 0.031023811782 0.016196630497
0.477274000363 0.031033764414 0.016178668146
0.475808599044 0.031040976977 0.016165150023
0.473663767304 0.031048726658 0.016153368675
0.47246314595 0.03105205501 0.016147801851
0.471227458831 0.031053462994 0.016143229863
0.469122068875 0.031055154895 0.016136766602
0.467595568257 0.031056868289 0.01613323499
0.465778532885 0.031057688803 0.01613011383
0.464129492689 0.031062258824 0.016121307876
0.462498439987 0.031066789079 0.016112578547
0.460827597201 0.031070758168 0.016104930528
0.459216067611 0.031074049301 0.016098588857
0.457528722503 0.031076819051 0.016093251839
0.455930722803 0.031078910098 0.016089222608
0.454232401435 0.031080818577 0.01608554517
0.452644043568 0.031082693711 0.016081931981
0.450936474456 0.031084499984 0.016078451482
0.449356755299 0.031085985696 0.016075588669
0.447641529813 0.031087388424 0.016072885759
0.44606849161 0.031088490297 0.016070762565
0.444347435832 0.031089590187 0.016068643192
0.442779916581 0.031090743575 0.016066420733
0.441053242782 0.031091871922 0.016064246527
0.439491033485 0.031092748175 0.016062558079
0.437759764486 0.031093576688 0.016060961621
0.4362014385 0.031094178118 0.016059802728
0.434466895049 0.031094789967 0.016058623758
0.432911733737 0.031095519446 0.016057218128
0.431173738931 0.031096234663 0.01605583998
0.429621899335 0.031096756126 0.016054835175
0.427881126082 0.031097240818 0.016053901223
0.426331522875 0.031097555242 0.016053295361
0.424588978345 0.031097871522 0.016052685922
0.423041144222 0.031098352589 0.016051758958
0.42129643765 0.031098819433 0.016050859398
0.419750740768 0.031099129915 0.016050261131
0.418004345647 0.031099405148 0.016049730787
0.416459889136 0.03109954546 0.016049460419
0.414712629159 0.031099687737 0.016049186267
0.413169117351 0.03110002546 0.016048535509
0.411420446688 0.031100346479 0.016047916939
0.409878381834 0.031100534736 0.016047554187
0.408128658881 0.031100686639 0.016047261486
0.406587251857 0.031100725595 0.016047186423
0.404837197758 0.03110076309 0.016047114173
0.403296245033 0.031101015865 0.016046627102
0.401545228128 0.031101250022 0.016046175905
0.400005312674 0.031101366246 0.016045951955
0.398253619819 0.031101445286 0.016045799652
0.396714019046 0.031101425 0.016045838741
0.394962311842 0.031101398114 0.016045890548
0.393422881108 0.031101609432 0.016045483361
0.39167043038 0.031101813875 0.01604508942
0.390131901595 0.031101921748 0.01604488156
0.388378822881 0.031102008485 0.016044714428
0.386840648154 0.031102012943 0.016044705838
0.385087347943 0.031102096088 0.016044545624
0.383550184244 0.031102741467 0.016043302047
0.381794100104 0.031103614824 0.01604161918
0.380261025013 0.031104523163 0.016039868906
0.378500146957 0.031105702902 0.016037595671
0.376972567802 0.031106871547 0.016035343813
0.375308082228 0.031106151783 0.016036487688
0.373739712638 0.031105916196 0.016038075716
0.372318356253 0.031105220587 0.016039260622
0.370522451574 0.031105811634 0.016040532474
0.369327809143 0.031106040896 0.016041178426
0.367701216351 0.031107202884 0.016041847723
0.366243146026 0.031106754551 0.016042054117
0.365112944003 0.031106786031 0.01604196552
0.362957766983 0.031106752614 0.016041967245
0.361822941065 0.031106706343 0.016042025595
0.359672749294 0.031106523427 0.016042309613
0.358532680215 0.031106399154 0.01604251551
0.356388596442 0.03110632921 0.016042639658
0.355242680877 0.031106442352 0.0160424159
0.353099214205 0.031106531709 0.016042225369
0.351951987002 0.031106537072 0.016042205122
0.349810362001 0.031106424745 0.016042395435
0.348660951159 0.031106322543 0.016042578359
0.34652025568 0.031106257936 0.016042697124
0.34536956788 0.031106389349 0.016042456574
0.34322673162 0.031106508898 0.016042247282
0.342077957316 0.031106527191 0.016042220371
0.339933760346 0.031106437089 0.016042406949
0.338785990484 0.031106343062 0.016042592118
0.336641320696 0.031106278739 0.016042714637
0.335494621222 0.031106399129 0.016042485654
0.333350089673 0.031106497186 0.016042296825
0.332203577687 0.03110650368 0.01604228283
0.330059410989 0.031106389185 0.016042495219
0.328912172216 0.031106282279 0.016042695285
0.326770089829 0.031106198224 0.016042844297
0.325621671479 0.031106309596 0.016042621794
0.323481548433 0.031106393313 0.016042437349
0.32233142362 0.031106396562 0.016042419054
0.320193537099 0.031106278578 0.016042615562
0.319040833221 0.031106173852 0.016042801273
0.316901736504 0.031106069133 0.016042974299
0.315749379355 0.031106188907 0.016042765989
0.313607039625 0.031106290595 0.016042612605
0.312458127231 0.03110630153 0.016042609859
0.310312844038 0.0311062023 0.016042835698
0.309166527 0.031106105429 0.016043036453
0.307004356167 0.031106165969 0.016043192052
0.305868652396 0.031106400773 0.016042987969
0.304008302447 0.03110672033 0.016042815514
0.302567639491 0.0311065153 0.016042854037
0.301439617504 0.031106329576 0.01604295505
0.299266514128 0.031105882379 0.016043305456
0.298103877265 0.031105632088 0.016043546076
0.295979391468 0.031105586286 0.016044003052
0.294849834677 0.031105367313 0.016044616234
0.292698585404 0.031104609031 0.016046512395
0.291597403676 0.031104037304 0.016047847052
0.290510678399 0.03110328196 0.016049414849
0.288348757993 0.031101048459 0.016053271411
0.28720159883 0.03110270971 0.016049176717
0.285933728393 0.031103723594 0.016045715781
0.28383844256 0.031104028413 0.016042365786
0.282319450463 0.031104174206 0.016041869252
0.280470575068 0.031102653688 0.016043317703
0.27871171358 0.031101267246 0.016046942353
0.277087873849 0.031101038347 0.016047894311
0.275454486353 0.031099771807 0.0160494018
0.2735147931 0.031102177752 0.016048338245
0.272273957273 0.031104323753 0.016046252938
0.271144527639 0.031105455347 0.016043664664
0.269116074066 0.031106364646 0.016037392998
0.267522488636 0.031108122139 0.016034152725
0.265863380757 0.031104427198 0.016039740448
0.263797253379 0.031105017834 0.016045622253
0.262699461202 0.031101251741 0.0160482136
0.261226982774 0.031099236486 0.016051139115
0.259534843452 0.031096792012 0.016053907333
0.258027420925 0.031098933202 0.016056038618
0.256544564315 0.031094490313 0.016058356722
0.255564828605 0.031097810697 0.016059900228
0.253702747749 0.031093343901 0.016063371834
0.251842399159 0.031094069758 0.016067119983
0.250892579474 0.031091219737 0.01606899646
0.249389149866 0.031090866721 0.01607120514
0.248291442885 0.031091032894 0.016071782587
0.247028372894 0.031089957796 0.016072585707
0.245795202301 0.031090347541 0.016073562474
0.244667027204 0.031089049368 0.016074565143
0.243272744493 0.031086897788 0.016077851275
0.242369220649 0.031086871261 0.016080221076
0.240953144775 0.031083361436 0.016082998902
0.239506328358 0.031084150872 0.016085973912
0.238745561051 0.031081972814 0.016087454117
0.237597328151 0.03108094733 0.016089774586
0.236538004586 0.031080367332 0.016091893292
0.235642102768 0.03107962685 0.016094221001
0.234501742017 0.0310764953 0.016099153955
0.233748574128 0.03107527907 0.016102719947
0.23258441003 0.031071507207 0.016108586133
0.231853060874 0.031070237478 0.0161125725
0.230667325704 0.031065827501 0.016119394248
0.229930740815 0.031064502466 0.016123994224
0.228889575829 0.031059189559 0.01613264867
0.228061678976 0.031054097543 0.016143454691
0.227183467371 0.031046244782 0.016158049281
0.226052266422 0.031034268966 0.016182473185
0.225523439764 0.031025142638 0.016197313117
