0.523556779035 0.03300294856 -0.011651088001
0.521648469481 0.033084355613 -0.011410469568
0.52060624659 0.033124624969 -0.011302927308
0.518922067682 0.033170150886 -0.011159390492
0.51768317852 0.033200906214 -0.011075626538
0.516368240841 0.033222655795 -0.01100192839
0.51476760341 0.033248770337 -0.010929465597
0.51381476552 0.033262178623 -0.01088839435
0.512674972023 0.0332761133 -0.010842626224
0.51091448484 0.033295547588 -0.010780287729
0.508794757524 0.03331868837 -0.010717351033
0.507725797274 0.03332583577 -0.01068975169
0.506385593157 0.033336334851 -0.010655307377
0.504654003692 0.033349051215 -0.01061274303
0.502949918435 0.033361733052 -0.010575124083
0.501564163135 0.033371258161 -0.010546178491
0.499421548761 0.033385532054 -0.010507176946
0.498316547389 0.033390030249 -0.010489244978
0.497062104491 0.033394798312 -0.010471959044
0.495209633486 0.033401531158 -0.010446773492
0.49364243894 0.033408149936 -0.01042641215
0.49210160796 0.033414156147 -0.010406550078
0.490204502022 0.033421215609 -0.01038599326
0.488711582613 0.033425508304 -0.010372359305
0.486826481375 0.033429848243 -0.010358613931
0.485439566415 0.03343301233 -0.010348592693
0.483521971471 0.033437152482 -0.010335480084
0.482166339959 0.033440047018 -0.010326312564
0.480208587775 0.03344390467 -0.010314392206
0.478907350459 0.033446170814 -0.010307454019
0.476896319483 0.033449138329 -0.010298086756
0.475628087918 0.033450935232 -0.010292414649
0.47359708692 0.033453620641 -0.010283937883
0.472347550242 0.033455197722 -0.010278959667
0.470292181577 0.03345748443 -0.010271386841
0.469016221867 0.033458736827 -0.010267161102
0.466987907 0.033460455083 -0.010261720317
0.46573211008 0.033461485996 -0.010258455974
0.463692008007 0.033463069769 -0.010253441025
0.46244738512 0.033464002801 -0.010250486618
0.460393642521 0.033465348522 -0.01024603842
0.459136541849 0.033466053022 -0.010243659233
0.457095873008 0.033467058067 -0.010240471539
0.455849512006 0.033467665189 -0.010238545933
0.453801799119 0.033468628411 -0.010235490887
0.452562286284 0.033469204536 -0.010233663595
0.450510055004 0.033470112816 -0.010230939468
0.449294197718 0.033470581591 -0.010229589584
0.447219292444 0.033471154355 -0.01022777542
0.446005249557 0.033471494404 -0.010226698352
0.443926333248 0.033472074785 -0.010224860061
0.442716328383 0.033472417403 -0.010223774857
0.440635090279 0.033473010216 -0.01022202784
0.439442388426 0.033473308666 -0.010221200475
0.437344592534 0.033473596393 -0.010220290095
0.436152250245 0.033473777851 -0.010219715952
0.434052309275 0.033474124671 -0.010218618598
0.432862352947 0.033474339054 -0.010217940283
0.430758271174 0.033474664786 -0.010216774433
0.429557176029 0.033474795113 -0.010216243956
0.427464519137 0.033474956016 -0.010215734312
0.42626652287 0.033475064346 -0.010215391189
0.424172592204 0.033475279925 -0.010214708368
0.422976096788 0.033475419295 -0.01021426693
0.420880309571 0.033475647087 -0.010213523952
0.41968314869 0.033475739333 -0.010213212791
0.4175884044 0.033475782648 -0.010213075574
0.416392028006 0.033475831911 -0.010212919512
0.414296731621 0.033475959772 -0.010212514457
0.413101259638 0.033476057223 -0.010212205739
0.411004910651 0.033476224935 -0.010211674755
0.409810535017 0.033476285727 -0.010211482449
0.407713455061 0.033476279046 -0.010211503613
0.406519208268 0.033476300671 -0.010211435108
0.404421908846 0.033476382997 -0.010211174305
0.403228252186 0.033476455266 -0.010210945362
0.40113045573 0.03347659036 -0.010210538305
0.399939714368 0.033476637157 -0.01021040875
0.397839372283 0.033476596355 -0.010210537985
0.396648247555 0.03347659926 -0.010210528783
0.394547911876 0.033476650672 -0.010210365943
0.393357163539 0.033476705854 -0.010210191159
0.391254861895 0.033476773581 -0.010209863389
0.390053236905 0.033476772967 -0.010209766686
0.387961991178 0.033476720057 -0.010209934422
0.386761720796 0.033476717029 -0.010209944021
0.38467055683 0.033476759413 -0.010209809656
0.383470606028 0.033476811064 -0.01020964591
0.381383203801 0.033477005841 -0.01020936758
0.380218003179 0.033477123422 -0.010209316425
0.378096488338 0.033477042605 -0.010209571947
0.376926379557 0.033477024356 -0.010209629647
0.374805126152 0.033477040174 -0.010209579635
0.373635145207 0.033477075222 -0.010209468823
0.371511810318 0.033477119856 -0.01020918004
0.370328364406 0.033477111181 -0.010209075349
0.368218672726 0.033477024164 -0.010209350778
0.367036723393 0.033477006728 -0.010209405969
0.364927292592 0.033477032078 -0.010209325729
0.363745543266 0.033477077588 -0.010209181678
0.361646431448 0.033477462793 -0.010208887467
0.36054915937 0.033477795303 -0.010208821792
0.358366057421 0.033477694169 -0.010209139735
0.357257479111 0.033477666327 -0.010209227264
0.355074754084 0.033477658426 -0.010209252102
0.353966140939 0.033477677933 -0.010209190777
0.351783002775 0.03347779339 -0.010208813638
0.350674002538 0.033477855161 -0.010208605438
0.348491622135 0.03347771749 -0.010209038281
0.347382201293 0.03347767665 -0.010209166687
0.345200367262 0.033477654272 -0.010209237045
0.344090823658 0.033477672043 -0.01020918117
0.341908746918 0.033477787204 -0.010208817252
0.340799729561 0.033477848498 -0.010208622715
0.338617487374 0.033477715534 -0.010209040768
0.337507942012 0.033477675633 -0.01020916622
0.335326232481 0.033477652325 -0.010209239503
0.334216557444 0.033477668182 -0.010209189648
0.332034666471 0.033477780873 -0.010208838102
0.330925848182 0.033477842464 -0.010208647192
0.328743458225 0.033477706797 -0.010209073737
0.327634050562 0.03347766543 -0.010209203796
0.325452211374 0.033477639033 -0.010209286789
0.324342654397 0.033477653216 -0.010209242199
0.322160805036 0.033477767726 -0.010208901097
0.321053315447 0.033477832571 -0.010208715992
0.318869761551 0.033477691722 -0.010209158773
0.317761499367 0.033477647705 -0.010209297149
0.315578529226 0.033477615746 -0.010209397617
0.314470082584 0.033477626997 -0.010209362248
0.312288011317 0.033477768407 -0.010209037252
0.311189123324 0.033477861841 -0.010208863777
0.30899787859 0.033477704764 -0.0102093572
0.307897252402 0.033477652653 -0.010209520895
0.305706692979 0.033477602485 -0.010209678486
0.304605768813 0.033477604067 -0.010209673515
0.30240887548 0.033477516248 -0.010209389964
0.301264275642 0.033477405854 -0.010209218874
0.299111143354 0.033477258564 -0.01020968321
0.297972411428 0.033477207955 -0.010209842755
0.295819939232 0.033477165757 -0.010209975785
0.294680951366 0.033477170726 -0.010209960121
0.292531843605 0.033477377715 -0.010209770478
0.291429585776 0.03347754765 -0.010209709132
0.289244202219 0.033477349285 -0.010210332531
0.288137557977 0.033477275811 -0.010210563437
0.285953124659 0.033477184879 -0.010210849206
0.284845923851 0.033477165776 -0.01021090924
0.282649953162 0.033476923123 -0.010210594151
0.281454547987 0.033476792668 -0.010210092198
0.279346955758 0.033476338685 -0.010211521435
0.278161593055 0.033476080814 -0.01021233434
0.27605752901 0.033475624594 -0.010213770746
0.274868625432 0.0334753642 -0.01021459171
0.272777966351 0.033474473577 -0.010216612056
0.271521279539 0.033473843001 -0.010218044829
0.269527000046 0.033473753777 -0.010217631227
0.26822841206 0.033473715701 -0.010217553921
0.26628217041 0.033473441662 -0.010217792923
0.264934612035 0.033473286713 -0.010218153633
0.263099209947 0.033473074838 -0.010217790937
0.261693456115 0.033473405117 -0.010216810959
0.260100914688 0.033472076633 -0.010218534565
0.258244159089 0.033473528203 -0.010220516382
0.257154719089 0.033473466804 -0.010221609666
0.255944385123 0.033472118179 -0.010222772186
0.254301911513 0.033470394291 -0.010224110193
0.253000507944 0.033472793552 -0.010225239032
0.251634619257 0.033469672024 -0.010226420342
0.250092452866 0.033471420828 -0.010226626173
0.249030061707 0.033472412853 -0.010226748052
0.248000370238 0.033471384544 -0.010227187938
0.246475770619 0.033470062904 -0.010227558182
0.245541851372 0.033472164123 -0.010227642172
0.243990657576 0.033469736293 -0.010228121134
0.242899659505 0.033471668867 -0.010228909678
0.241506203416 0.033469041788 -0.010230198334
0.2401989888 0.033471078243 -0.010231172163
0.239551446848 0.033469119178 -0.010232489408
0.238576211382 0.033469470558 -0.010234283602
0.237502476928 0.033468784697 -0.010236383381
0.236345675387 0.033468053391 -0.010239021076
0.235335837542 0.033467213971 -0.010241700649
0.234117099855 0.033466199466 -0.010245332764
0.233407565706 0.033465570255 -0.010247356294
0.232547176665 0.033464752575 -0.010249642063
0.231543805793 0.033464528953 -0.010252857073
0.231020519102 0.033463440244 -0.010254807869
0.230212005196 0.033462466288 -0.010258266466
0.22949505764 0.033461652621 -0.010261698241
0.228853322875 0.033460447906 -0.010265173834
0.227981435934 0.033459232088 -0.01026992508
0.22727075018 0.033457355864 -0.010276279424
0.226863397459 0.03345501272 -0.01028198744
0.226471252673 0.033453422489 -0.010289152965
0.225745358984 0.033448197691 -0.010306161113
0.225036903943 0.033441489396 -0.010327742137
