0.225527067454 0.041758020169 0.016768914614
0.226330543034 0.04175214561 0.016784574766
0.22723862013 0.04174595607 0.016799320858
0.228320101272 0.041741142331 0.016812702113
0.228974038416 0.041737461468 0.016818831055
0.229602930068 0.041736975473 0.016823128669
0.230766083192 0.04173485678 0.016827702325
0.231657500029 0.041733523624 0.016830497732
0.232675022836 0.041732480582 0.016833719018
0.233577240929 0.041731069417 0.016836565223
0.234583967852 0.041730095541 0.016839771068
0.235496941334 0.041728606496 0.016842668377
0.236637204533 0.041727954824 0.016845678439
0.237655277679 0.041726124565 0.016847471232
0.238807410773 0.041725523854 0.016849064418
0.239690653719 0.04172541238 0.01684994724
0.240976873782 0.041724077268 0.016850814938
0.241727299614 0.041725594041 0.016850988046
0.243274519112 0.041723080079 0.016852398496
0.244310818116 0.041724538873 0.016853736875
0.245840254322 0.041721693706 0.016855147201
0.246937454556 0.04172383314 0.016855322365
0.248444215077 0.041721534828 0.016855600472
0.249488390169 0.041723792865 0.016855513567
0.251132688446 0.041720969111 0.016856822383
0.252890029824 0.041721692143 0.016859102808
0.253990319431 0.041721195273 0.016860597867
0.25527681678 0.041719760725 0.016862362647
0.256867534479 0.041718163106 0.016864121152
0.258106922569 0.041720162189 0.016864485357
0.259888410127 0.041717282572 0.016865614915
0.261565696691 0.041717485175 0.016867151322
0.26294892316 0.041717618983 0.016868226435
0.264037530152 0.041718007791 0.016868986733
0.26600963211 0.041715415373 0.016870080978
0.267745010855 0.041716210426 0.016870845461
0.269164076924 0.041716237513 0.016870473936
0.271131285726 0.041716923299 0.016869498288
0.272449199112 0.041717071641 0.016869368395
0.274496398802 0.041717086547 0.016870136143
0.275736064015 0.04171682587 0.016871105302
0.277859241819 0.041716108077 0.016873746877
0.279022947341 0.041715225329 0.016875776522
0.281147460591 0.041713560758 0.016879792261
0.282317618235 0.041712628504 0.016882040657
0.28443421369 0.041710875603 0.016886269056
0.285612483557 0.041709885382 0.016888656996
0.287720704939 0.041708045489 0.01689309482
0.288904189477 0.041709131177 0.016890287333
0.291024354304 0.041711076245 0.016885615134
0.292191924445 0.041711905476 0.016883623257
0.294318633127 0.041712971357 0.016881062931
0.295481448408 0.041713313044 0.016880242172
0.297610802789 0.041713494033 0.016879807424
0.298776699073 0.041713466197 0.016879950666
0.300903209006 0.041713455877 0.01687997549
0.302068058789 0.041713470697 0.016879939842
0.304194641009 0.04171349994 0.0168798695
0.305359327443 0.041713536372 0.016879781864
0.307486163956 0.041713605099 0.016879616546
0.308650775215 0.041713481716 0.016879913337
0.310777187884 0.041713375017 0.016880169994
0.31194234901 0.041713342397 0.01688024846
0.3140684349 0.041713294805 0.016880362938
0.315233786648 0.041713294548 0.016880363556
0.317359817854 0.041713305917 0.01688033621
0.318525262283 0.041713221173 0.016880540055
0.320650988292 0.04171317426 0.016880652902
0.321816706492 0.04171316891 0.01688066577
0.323942335476 0.041713161341 0.016880683978
0.325108060066 0.041713177535 0.016880645023
0.327233773165 0.041713209224 0.016880568798
0.328399485748 0.041713137719 0.016880740798
0.330524997236 0.041713113597 0.016880798822
0.33169087856 0.041713119985 0.016880783456
0.333816392043 0.041713132672 0.016880752938
0.33498218659 0.041713159207 0.016880689109
0.33710787152 0.041713208628 0.016880570231
0.338273572283 0.041713146256 0.016880720264
0.340399133711 0.041713138611 0.016880738652
0.341564926926 0.041713154163 0.016880701243
0.343690566851 0.041713183438 0.016880630825
0.344856196558 0.041713219182 0.016880544845
0.346982084895 0.041713285303 0.016880385795
0.348147540481 0.041713234291 0.016880508501
0.350273390473 0.041713244433 0.016880484104
0.351438856559 0.041713268107 0.01688042716
0.353564854077 0.041713309726 0.016880327046
0.354730100189 0.041713350593 0.016880228744
0.356856390043 0.041713423632 0.016880053054
0.358021439783 0.041713368611 0.016880185403
0.360147679979 0.041713372254 0.016880176641
0.361312768834 0.041713393711 0.016880125026
0.363439139091 0.041713434528 0.016880026843
0.364604012325 0.041713476291 0.016879926386
0.366730683662 0.041713554215 0.016879738945
0.367895217504 0.041713584609 0.016879665834
0.370023009109 0.041714198496 0.01687818917
0.371184781936 0.041714795185 0.016876753874
0.373317592561 0.04171635971 0.016872990513
0.374472172964 0.041717465859 0.016870329746
0.376614362649 0.041719989912 0.016864258305
0.377761430034 0.041718882921 0.016866921097
0.379901415907 0.041717092323 0.016871228262
0.381056606847 0.041716323085 0.016873078611
0.383190101773 0.041715291524 0.016875559963
0.384350049014 0.04171492859 0.016876432978
0.386480516811 0.041714652388 0.016877097363
0.387641565388 0.041714827846 0.01687667531
0.389772400885 0.041715000153 0.016876260837
0.390932584014 0.041715061491 0.016876113293
0.393064005023 0.041715159856 0.016875876681
0.394223772668 0.04171518091 0.016875826038
0.396355438729 0.041715205064 0.016875767938
0.397514819987 0.041715395279 0.016875310388
0.399647385339 0.041715594841 0.016874830355
0.400805774867 0.041715671748 0.016874645359
0.402939057067 0.041715799951 0.016874336975
0.404096893689 0.041715838081 0.016874245256
0.406230564441 0.041715894649 0.016874109187
0.40738787185 0.04171609891 0.01687361785
0.40952257996 0.04171633072 0.016873060248
0.410678750714 0.041716426448 0.016872829979
0.412814333767 0.041716590971 0.016872434229
0.413969784 0.041716650244 0.016872291653
0.416105932743 0.041716747207 0.016872058415
0.417260672456 0.041716971337 0.016871519285
0.419398045378 0.04171724852 0.01687085254
0.420551444541 0.041717370609 0.016870558863
0.42268991525 0.041717586744 0.016870038964
0.423842356569 0.041717675866 0.016869824588
0.425981644778 0.041717830686 0.016869452179
0.427133128326 0.041718075358 0.016868863636
0.429273856752 0.041718398735 0.016868085774
0.430423793167 0.041718546676 0.016867729911
0.432565838433 0.041718812073 0.016867091517
0.433714590756 0.041718928814 0.016866810703
0.435857686964 0.04171913596 0.016866312428
0.437005223748 0.041719421529 0.016865625512
0.439150093657 0.041719834823 0.01686463136
0.440295680317 0.041720032765 0.016864155223
0.442442294858 0.041720395634 0.016863282366
0.443586252272 0.041720566485 0.016862871397
0.445734380276 0.041720878663 0.016862120472
0.446876669166 0.041721204374 0.016861336996
0.449026947572 0.041721685419 0.016860179875
0.45016698715 0.041721908712 0.016859642759
0.452319227288 0.041722298978 0.016858704
0.453457512261 0.041722473901 0.016858283232
0.455611299175 0.041722772916 0.016857563972
0.456748320515 0.041722848874 0.016857381261
0.458902338276 0.041722553026 0.016858092902
0.460040623375 0.041722219768 0.016858894534
0.46219178515 0.041721263475 0.016861194833
0.46333443436 0.041720577498 0.016862844904
0.465479729134 0.041718964278 0.016866725397
0.466625851324 0.041720543539 0.016862926591
0.468777987865 0.041723594554 0.016855587578
0.469910287754 0.041725199119 0.016851727902
0.472076298551 0.041728259733 0.016844365799
0.473194747952 0.041729838732 0.016840567623
0.4753745852 0.041732908764 0.016833182865
0.476481949578 0.041732469475 0.01683422878
0.478664815418 0.041732013758 0.016835323666
0.479773997262 0.041731990402 0.016835379779
0.481956676164 0.041732356604 0.016834499958
0.483064282833 0.041732750456 0.016833553707
0.485250326951 0.041733940943 0.016830693493
0.486279779065 0.041735084541 0.016826700443
0.488169394722 0.041736662223 0.016820564552
0.489351220029 0.041737689449 0.016817430132
0.491086548391 0.041738391193 0.016814016677
0.492424591582 0.041739156456 0.016812138474
0.494001519394 0.041739174298 0.016811041405
0.495481582013 0.041741176495 0.016806610295
0.496707415855 0.041742668769 0.016802561333
0.498283168671 0.041746249077 0.016796686902
0.499276698578 0.041748568653 0.016792438007
0.500149650331 0.041750699425 0.016788452903
0.501846357437 0.041752511032 0.016779920144
0.503160973864 0.041754437094 0.016777677412
0.504365067528 0.041753618832 0.016775603438
0.505815094819 0.041757670346 0.016770877684
0.506597373408 0.041754868484 0.016768762692
0.507808229129 0.04175951453 0.016765360769
0.508829639735 0.041756812827 0.016763029097
0.509912512489 0.04176239497 0.016758282516
0.511502393067 0.041763320169 0.016750504879
0.512763464869 0.041767917863 0.016743066988
0.514169925196 0.041771616894 0.016733200695
0.515759768171 0.041778847645 0.016717512619
0.516780375344 0.041779471422 0.016708241164
0.517827087274 0.041785884147 0.016700105807
0.519530604717 0.041794291345 0.016677914096
0.521113846429 0.041806349246 0.016648488498
0.522143966698 0.041812389069 0.016625774549
0.523201520222 0.041825944797 0.01659919958
