0.225470514259 0.043377277231 0.011974940165
0.226324205204 0.043373155914 0.011990023658
0.227123849976 0.043370057423 0.012000898027
0.227694211249 0.043367889129 0.01200703149
0.228416743045 0.043366923108 0.012012399988
0.229061986115 0.043365517118 0.012015308486
0.230013018075 0.043365146663 0.01201847815
0.230609820398 0.043364516587 0.012020273473
0.23139077991 0.043363869863 0.012022341216
0.232157401303 0.043363492585 0.012024147839
0.232769601792 0.043363202061 0.012025366595
0.233823865018 0.043362340137 0.012027382772
0.235175086931 0.043362066094 0.012028314118
0.236017694735 0.043361807162 0.012029217218
0.237362299944 0.043361230717 0.012031219968
0.238212275822 0.043360777962 0.012032810287
0.239548113829 0.043359903907 0.012035868225
0.240396888528 0.043359171678 0.012036224224
0.241830319516 0.043358622329 0.012039484666
0.242951940301 0.043358347749 0.012041401302
0.24429740946 0.043357920727 0.012041896578
0.245489741158 0.043358515253 0.012042036229
0.246771019554 0.043357845989 0.012041948949
0.248027067583 0.043358795228 0.012041535064
0.249036427953 0.043357920507 0.01204220533
0.250661097314 0.043356260084 0.012042850744
0.252415282696 0.04335789304 0.012043084684
0.253464964362 0.043357559424 0.012043342701
0.254768667059 0.043356942242 0.012043758948
0.256269428057 0.043356326496 0.012044357812
0.258207399138 0.043357877134 0.012044821216
0.259216033027 0.043357190925 0.01204488644
0.260454883373 0.043356706705 0.012044774946
0.262209877818 0.043355378161 0.01204521403
0.264130201486 0.043357338996 0.012045181483
0.265236920802 0.04335709314 0.012045007962
0.266440457366 0.043356689787 0.012046035071
0.268473430495 0.043355986609 0.012047534924
0.269732968019 0.043355686347 0.012048281882
0.271723249226 0.043355154769 0.01204913213
0.27306866772 0.043354834693 0.012050011626
0.27501099002 0.04335399057 0.012052065023
0.276398145437 0.043354385629 0.01205061456
0.278299479573 0.04335497171 0.012048458807
0.279691416189 0.043355420555 0.012046811104
0.281588637462 0.043355708824 0.012045748125
0.282983195058 0.043355599616 0.012046147935
0.284880549175 0.043355377474 0.01204695761
0.286274424933 0.043355481247 0.012046576883
0.288171941893 0.043355365409 0.012047001873
0.289565051713 0.043355142008 0.012047821497
0.291464209903 0.043354951886 0.012048519029
0.292855982481 0.043354942196 0.012048554578
0.294756106682 0.04335470863 0.012049411498
0.296147165264 0.043354857973 0.012048863582
0.298046745513 0.043355042341 0.012048187163
0.29943914978 0.04335514147 0.012047823473
0.301337992394 0.043355097165 0.012047986019
0.302729970911 0.043354891372 0.012048741045
0.304630363547 0.043354636335 0.012049676738
0.306021111243 0.043354787678 0.012049121484
0.307921013304 0.043354965034 0.012048470788
0.309313060483 0.043355054995 0.012048140735
0.31121231925 0.043354992769 0.012048369035
0.312603828921 0.043354780729 0.012049146977
0.314504714909 0.043354520698 0.012050100992
0.315894973362 0.04335467892 0.012049520499
0.317795329565 0.043354865497 0.012048835976
0.319186956596 0.043354961829 0.012048482549
0.321086592795 0.043354912823 0.012048662343
0.322477777885 0.043354711803 0.012049399855
0.324378943138 0.043354461537 0.012050318045
0.32576895717 0.043354625975 0.012049714745
0.32766952538 0.043354821203 0.012048998485
0.329060972468 0.043354923591 0.012048622839
0.330960757434 0.043354882828 0.012048772391
0.332351823408 0.043354687165 0.01204949025
0.334253081272 0.043354443699 0.012050383491
0.335643032226 0.043354614883 0.012049755443
0.337543628061 0.043354819625 0.012049004272
0.33893508334 0.043354928925 0.012048603267
0.340834826009 0.043354896893 0.012048720787
0.342225965008 0.043354706593 0.01204941897
0.344127121776 0.043354470639 0.012050284651
0.345517195949 0.043354644457 0.012049646938
0.347417651265 0.043354854501 0.01204887632
0.348809269564 0.04335496882 0.012048456899
0.350708801661 0.043354953579 0.012048512817
0.352100234237 0.043354784559 0.012049132926
0.35400099316 0.043354575148 0.012049901224
0.355391489251 0.043354733465 0.012049320383
0.357291592621 0.043354926916 0.01204861064
0.358683509301 0.04335503326 0.01204822048
0.36058280642 0.043354996914 0.012048353827
0.36197436065 0.043354797022 0.012049087202
0.363875149046 0.043354549167 0.012049996543
0.365265702825 0.043354785904 0.01204912799
0.367165381198 0.043355069404 0.012048087871
0.368558026248 0.043355224843 0.01204751759
0.37045638624 0.04335523515 0.012047479773
0.371849255032 0.043355161718 0.012047749184
0.373747434647 0.043355381006 0.012046944649
0.375141554491 0.043355589666 0.012046179108
0.377037804761 0.043355837966 0.012045268132
0.378433754082 0.043355971808 0.012044777085
0.380329341297 0.043355759938 0.012045554404
0.381723777133 0.043355355665 0.012047037621
0.383622328439 0.04335501658 0.012048281674
0.385014824172 0.043355209182 0.012047575047
0.386912762234 0.043355444332 0.012046712317
0.388306992021 0.043355576766 0.012046226437
0.390203837021 0.043355578089 0.012046221583
0.391597956283 0.043355392316 0.012046903155
0.393496171529 0.043355134066 0.012047850638
0.394889261948 0.043355364453 0.01204700538
0.396786407159 0.043355652708 0.012045947817
0.398181625259 0.043355821687 0.012045327857
0.400077324922 0.043355858485 0.012045192852
0.401472690337 0.043355683477 0.012045834928
0.403369601249 0.043355441146 0.012046724004
0.404764051815 0.043355681214 0.012045843234
0.40665978882 0.043355981831 0.012044740312
0.408056461538 0.043356159735 0.012044087611
0.409950659701 0.043356209111 0.012043906457
0.41134757572 0.043356044047 0.012044512053
0.413242880541 0.043355817222 0.012045344238
0.414638995852 0.043356068685 0.01204442166
0.41653300604 0.043356386376 0.012043256097
0.417931473725 0.043356578463 0.012042551357
0.419823785792 0.043356655453 0.012042268894
0.421222710239 0.043356518884 0.012042769947
0.423115856267 0.04335633253 0.012043453649
0.424514212119 0.043356581016 0.012042541991
0.426405984784 0.0433569003 0.012041370585
0.427806707699 0.043357098916 0.012040641892
0.429696750509 0.043357175811 0.012040359779
0.431097906982 0.043357022261 0.012040923131
0.43298889928 0.043356816977 0.012041676286
0.434389512934 0.043357132126 0.012040520051
0.436278723989 0.043357524091 0.012039081992
0.437682255364 0.043357763246 0.012038204567
0.439569290755 0.043357890855 0.012037736388
0.440973670162 0.043357785438 0.012038123148
0.442861188054 0.043357647361 0.012038629733
0.444265402848 0.043357953431 0.012037506807
0.446151023175 0.043358349699 0.012036052958
0.4475581911 0.043358605567 0.012035114217
0.449441471768 0.043358770664 0.0120345085
0.450849740786 0.043358689626 0.012034805816
0.452733269665 0.043358572761 0.012035234576
0.454141553578 0.04335889436 0.012034054676
0.456023039564 0.043359305013 0.012032548051
0.457434399816 0.043359573092 0.012031564511
0.459313481081 0.043359729224 0.012030991686
0.460725761566 0.043359570953 0.012031572358
0.462606092052 0.043359158399 0.012033085956
0.46401709002 0.043359553542 0.012031636235
0.465895447775 0.043360080616 0.012029702479
0.467310401016 0.043360445438 0.012028364001
0.469184914571 0.043360951889 0.012026505908
0.470603585037 0.043361279097 0.012025305432
0.472474485334 0.043361775477 0.012023484286
0.47389707139 0.043362251422 0.012021738117
0.475763548074 0.043362832073 0.012019607792
0.477190511757 0.043363202655 0.012018248185
0.479053131561 0.043363649825 0.012016607582
0.480483951279 0.0433641535 0.012014759674
0.482341540762 0.043365006172 0.012011631349
0.483776430242 0.043364663779 0.012012887538
0.485634242033 0.04336439393 0.012013877574
0.487067043507 0.043364318342 0.012014154895
0.488875736312 0.043365255985 0.012012131768
0.490112061536 0.043366187222 0.012009288376
0.491952514948 0.043367809354 0.012006345502
0.493069802967 0.043368482054 0.01200426692
0.495019385856 0.043369842703 0.012000271979
0.496091702272 0.043370599859 0.011997950548
0.497407703771 0.043371775032 0.011995285772
0.498755156159 0.043371039903 0.011993450885
0.4998065751 0.04337135127 0.011991173102
0.501485389432 0.043372690241 0.011987686467
0.502828561928 0.043374055013 0.011984431644
0.503922757334 0.043375644167 0.011980557468
0.50598977535 0.043377010534 0.011970200108
0.507578582118 0.043380281977 0.011964042427
0.508332529408 0.043376881312 0.011962035135
0.509409814909 0.043380359885 0.011959267802
0.5108581148 0.043380866248 0.011956614817
0.5126271187 0.043383798089 0.011951566
0.513591223196 0.043382788777 0.011948077886
0.515305576683 0.043386019527 0.011940806275
0.516444176981 0.043387010988 0.0119354484
0.518104886457 0.04339071793 0.011925320031
0.5189703547 0.043390989375 0.011917743366
0.520393212978 0.043397333148 0.011901755445
0.521334384795 0.043398492409 0.011889203873
0.522383131199 0.043404905245 0.011872360196
0.523881322233 0.043411301015 0.011843923709
