0.225 0.020766416601 -0.028792088426
0.225 0.020541204176 -0.029516515313
0.225 0.020228825849 -0.030380167106
0.225 0.019990601691 -0.030982848012
0.225 0.01960472808 -0.031829644076
0.225 0.019339945862 -0.032365413035
0.225 0.019069122193 -0.032878973542
0.225 0.018602380191 -0.033710323358
0.225 0.01814340957 -0.034451843579
0.225 0.017764179581 -0.035032485666
0.225 0.017374242507 -0.035579924819
0.225 0.01682556522 -0.036308953418
0.225 0.016469868 -0.036749370645
0.225 0.015856824399 -0.037460461886
0.225 0.015322288805 -0.038023911495
0.225 0.014808864598 -0.038533505148
0.225 0.014138298173 -0.039138818126
0.225 0.013630623159 -0.03956911111
0.225 0.012872479234 -0.04016397285
0.225 0.012382413795 -0.040526581493
0.225 0.011942402298 -0.040833495545
0.225 0.011091238573 -0.041379419939
0.225 0.010584120095 -0.04167675344
0.225 0.009974947052 -0.042021776705
0.225 0.009427570872 -0.042302922345
0.225 0.008941414527 -0.042536923668
0.225 0.008512086614 -0.042731901731
0.225 0.00817808359 -0.042876687797
0.225 0.007631869169 -0.043099903622
0.225 0.007236031641 -0.043252127877
0.225 0.006841353592 -0.04339392525
0.225 0.006458468193 -0.043522468047
0.225 0.006064138403 -0.043642812028
0.225 0.005722971657 -0.043745616483
0.225 0.005466737223 -0.043818602451
0.225 0.005265710736 -0.04387317704
0.225 0.005042390625 -0.043933010373
0.225 0.004679835947 -0.044023132755
0.225 0.004366057222 -0.04409399613
0.225 0.004076497426 -0.044154218978
0.225 0.003769026122 -0.044215267525
0.225 0.003457371889 -0.044271834056
0.225 0.00325535892 -0.044306645649
0.225 0.003101461461 -0.04433146143
0.225 0.00293273465 -0.044356673944
0.225 0.002672540545 -0.0443915724
0.225 0.002533562474 -0.044411205633
0.225 0.002391322828 -0.044431447213
0.225 0.002260638728 -0.044448891054
0.225 0.002113105908 -0.044466982276
0.225 0.001989088614 -0.044481201625
0.225 0.001813032968 -0.044497134148
0.225 0.001722731556 -0.04450514019
0.225 0.001613713813 -0.044514968067
0.225 0.001534667261 -0.044521819237
0.225 0.001424439698 -0.044530911555
0.225 0.001347440693 -0.044536991185
0.225 0.001224393963 -0.044548218833
0.225 0.001144449028 -0.044554032974
0.225 0.001076387153 -0.04455807234
0.225 0.000978785697 -0.044563301267
0.225 0.000913356221 -0.044566545098
0.225 0.00080275951 -0.044571517745
0.225 0.000698031403 -0.044575339136
0.225 0.000632535308 -0.044577880551
0.225 0.000546246231 -0.044581399976
0.225 0.000503944092 -0.044583026859
0.225 0.000446722988 -0.044584886915
0.225 0.000381238078 -0.044586600238
0.225 0.000317545797 -0.044587756414
0.225 0.000267369022 -0.044588596091
0.225 0.000221803653 -0.044589273545
0.225 0.000170691844 -0.044589914006
0.225 0.00012891812 -0.044590302587
0.225 7.4119014e-05 -0.044590695691
0.225 1.0031246e-05 -0.044590862885
0.225 -0.0 -0.044590882469
0.225 -1.0031246e-05 -0.044590862885
0.225 -7.4119014e-05 -0.044590695691
0.225 -0.00012891812 -0.044590302587
0.225 -0.000170691844 -0.044589914006
0.225 -0.000221803653 -0.044589273545
0.225 -0.000267369022 -0.044588596091
0.225 -0.000317545797 -0.044587756414
0.225 -0.000381238078 -0.044586600238
0.225 -0.000446722988 -0.044584886915
0.225 -0.000503944092 -0.044583026859
0.225 -0.000546246231 -0.044581399976
0.225 -0.000632535308 -0.044577880551
0.225 -0.000698031403 -0.044575339136
0.225 -0.00080275951 -0.044571517745
0.225 -0.000913356221 -0.044566545098
0.225 -0.000978785697 -0.044563301267
0.225 -0.001076387153 -0.04455807234
0.225 -0.001144449028 -0.044554032974
0.225 -0.001224393963 -0.044548218833
0.225 -0.001347440693 -0.044536991185
0.225 -0.001424439698 -0.044530911555
0.225 -0.001534667261 -0.044521819237
0.225 -0.001613713813 -0.044514968067
0.225 -0.001722731556 -0.04450514019
0.225 -0.001813032968 -0.044497134148
0.225 -0.001989088614 -0.044481201625
0.225 -0.002113105908 -0.044466982276
0.225 -0.002260638728 -0.044448891054
0.225 -0.002391322828 -0.044431447213
0.225 -0.002533562474 -0.044411205633
0.225 -0.002672540545 -0.0443915724
0.225 -0.00293273465 -0.044356673944
0.225 -0.003101461461 -0.04433146143
0.225 -0.00325535892 -0.044306645649
0.225 -0.003457371889 -0.044271834056
0.225 -0.003769026122 -0.044215267525
0.225 -0.004076497426 -0.044154218978
0.225 -0.004366057222 -0.04409399613
0.225 -0.004679835947 -0.044023132755
0.225 -0.005042390625 -0.043933010373
0.225 -0.005265710736 -0.04387317704
0.225 -0.005466737223 -0.043818602451
0.225 -0.005722971657 -0.043745616483
0.225 -0.006064138403 -0.043642812028
0.225 -0.006458468193 -0.043522468047
0.225 -0.006841353592 -0.04339392525
0.225 -0.007236031641 -0.043252127877
0.225 -0.007631869169 -0.043099903622
0.225 -0.00817808359 -0.042876687797
0.225 -0.008512086614 -0.042731901731
0.225 -0.008941414527 -0.042536923668
0.225 -0.009427570872 -0.042302922345
0.225 -0.009974947052 -0.042021776705
0.225 -0.010584120095 -0.04167675344
0.225 -0.011091238573 -0.041379419939
0.225 -0.011942402298 -0.040833495545
0.225 -0.012382413795 -0.040526581493
0.225 -0.012872479234 -0.04016397285
0.225 -0.013630623159 -0.03956911111
0.225 -0.014138298173 -0.039138818126
0.225 -0.014808864598 -0.038533505148
0.225 -0.015322288805 -0.038023911495
0.225 -0.015856824399 -0.037460461886
0.225 -0.016469868 -0.036749370645
0.225 -0.01682556522 -0.036308953418
0.225 -0.017374242507 -0.035579924819
0.225 -0.017764179581 -0.035032485666
0.225 -0.01814340957 -0.034451843579
0.225 -0.018602380191 -0.033710323358
0.225 -0.019069122193 -0.032878973542
0.225 -0.019339945862 -0.032365413035
0.225 -0.01960472808 -0.031829644076
0.225 -0.019990601691 -0.030982848012
0.225 -0.020228825849 -0.030380167106
0.225 -0.020541204176 -0.029516515313
0.225 -0.020766416601 -0.028792088426
