0.5239780385 0.033978928917 -0.008377535281
0.522858588584 0.034009042925 -0.008267789757
0.521549785058 0.034035048675 -0.008148993943
0.519894456998 0.034066470204 -0.008028925727
0.51900020952 0.034076268146 -0.00797595088
0.517341174371 0.034095944106 -0.007901547862
0.516435730892 0.034101974099 -0.007867539482
0.515167948734 0.034111949551 -0.007823661787
0.513872703904 0.03412167687 -0.007780959853
0.512645135155 0.034132210995 -0.007744579645
0.51130573693 0.034138234531 -0.007707744261
0.510002076746 0.034145519341 -0.007676280313
0.508464628397 0.034152524538 -0.007643674925
0.506521491071 0.034162395325 -0.007606557621
0.505380305325 0.034167915171 -0.007586357528
0.50424576537 0.034170952114 -0.007568373176
0.502305357191 0.034175685224 -0.007540274787
0.500844340481 0.034179577369 -0.007522419398
0.499187689045 0.034183103911 -0.00750192426
0.49744821885 0.034187995592 -0.007483039507
0.496060732556 0.034191497689 -0.007468095975
0.494035681111 0.034197534855 -0.007447883461
0.492932112072 0.034200083759 -0.007437236254
0.491762045167 0.034201560811 -0.007426488392
0.489753490428 0.03420439792 -0.007409044837
0.488429211365 0.034205950525 -0.007401585309
0.486472353939 0.034208041451 -0.007391539402
0.485128245012 0.034209369678 -0.007385157906
0.483190031508 0.034211262593 -0.007376063349
0.481828141131 0.034212481649 -0.007370206363
0.479907325193 0.034214347009 -0.007361244199
0.478528561679 0.034215406838 -0.007356152223
0.476622667919 0.034216736563 -0.007349763527
0.475231043626 0.034217597831 -0.007345625546
0.473336895267 0.03421872886 -0.00734019149
0.471934461812 0.034219455369 -0.00733670096
0.470050758515 0.034220591477 -0.007331242499
0.468638121765 0.034221226798 -0.007328190084
0.46676325913 0.034221968774 -0.007324625244
0.465343266356 0.034222469453 -0.007322219719
0.46347512937 0.034223121554 -0.007319086686
0.462048844414 0.034223557722 -0.007316991105
0.460187084058 0.034224304411 -0.00731340362
0.458754322639 0.034224681548 -0.007311591655
0.456897906347 0.034225083948 -0.007309658315
0.455461039573 0.034225364191 -0.007308311882
0.45360837821 0.034225738676 -0.007306512658
0.452167892253 0.034225998486 -0.007305264396
0.450319170179 0.034226507415 -0.007302819235
0.448874476406 0.03422672842 -0.007301757409
0.447029007897 0.034226936283 -0.007300758727
0.445582109461 0.034227084774 -0.007300045302
0.443738651763 0.034227296109 -0.007299029938
0.442289724123 0.034227447678 -0.007298301721
0.440448785123 0.034227830274 -0.007296463525
0.438996941792 0.034227951976 -0.007295878805
0.43715799227 0.034228034556 -0.00729548205
0.435705159451 0.034228100115 -0.00729516707
0.433867136421 0.034228216401 -0.007294608371
0.432413207463 0.034228308675 -0.007294165037
0.430576810005 0.034228586811 -0.007292828729
0.42912085866 0.034228658567 -0.007292483974
0.427285736201 0.034228691028 -0.007292328015
0.42582932434 0.034228718369 -0.007292196652
0.423994625867 0.034228782234 -0.007291889811
0.422537631825 0.034228834515 -0.007291638629
0.420704094125 0.034229079514 -0.007290461522
0.419245488264 0.034229111306 -0.007290308776
0.417412752357 0.034229088292 -0.007290419347
0.415954210955 0.034229079571 -0.007290461252
0.414121433355 0.034229105179 -0.007290338216
0.412662688524 0.034229135138 -0.007290194276
0.410830751647 0.034229349046 -0.007289166549
0.409370685093 0.034229362021 -0.007289104213
0.407539299854 0.034229318637 -0.00728931265
0.406079506318 0.034229295191 -0.007289425299
0.404247889325 0.034229302925 -0.007289388139
0.40278806966 0.034229320209 -0.007289305097
0.400957127585 0.034229518288 -0.007288353422
0.399496142408 0.034229519959 -0.007288345392
0.397665605214 0.034229462742 -0.007288620296
0.396205030501 0.034229429313 -0.007288780905
0.39437413269 0.034229424949 -0.007288801871
0.392913651831 0.034229433679 -0.007288759931
0.391083319073 0.034229621836 -0.007287855926
0.389621770912 0.034229616927 -0.007287879511
0.387791757116 0.03422955219 -0.00728819054
0.3863306942 0.034229513745 -0.007288375248
0.384500255122 0.034229503901 -0.007288422544
0.383039340351 0.03422950927 -0.007288396749
0.381209418942 0.034229692752 -0.007287515209
0.379747486926 0.034229682726 -0.007287563376
0.377917822326 0.034229610762 -0.00728790913
0.376456446569 0.034229566596 -0.007288121324
0.374626283483 0.034229549349 -0.007288204191
0.373165129905 0.034229548877 -0.007288206457
0.371335445274 0.034229737476 -0.007287300327
0.369873275643 0.034229722631 -0.007287371651
0.368043813161 0.034229642844 -0.007287754992
0.366582265098 0.034229595883 -0.007287980614
0.364752270708 0.034229580145 -0.00728805623
0.363290931094 0.03422958434 -0.007288036073
0.361461380019 0.034229749581 -0.00728724217
0.359999132674 0.034229738205 -0.007287296825
0.358169795407 0.034229671867 -0.007287615549
0.356708067398 0.034229630951 -0.007287812131
0.354878271044 0.034229615611 -0.007287885833
0.353416744543 0.034229615437 -0.007287886669
0.351587401542 0.034229792593 -0.007287035517
0.350124939187 0.034229771772 -0.007287135552
0.348295737801 0.034229686696 -0.007287544303
0.346833954702 0.034229635743 -0.007287789108
0.34500416659 0.034229613754 -0.007287894752
0.343542651556 0.034229613209 -0.007287897372
0.341713287702 0.034229787394 -0.007287060498
0.340250850801 0.034229767906 -0.007287154127
0.338421636377 0.034229685919 -0.007287548038
0.336959854371 0.034229636131 -0.007287787245
0.335130068471 0.034229614154 -0.007287892831
0.333668554823 0.034229612316 -0.007287901664
0.331839181904 0.034229785059 -0.007287071717
0.330376759734 0.034229764995 -0.007287168116
0.328547526542 0.034229682146 -0.007287566166
0.3270857678 0.034229631618 -0.007287808926
0.325255953535 0.034229608564 -0.007287919687
0.323794473837 0.034229605814 -0.007287932904
0.321965059964 0.034229776974 -0.00728711056
0.320502687085 0.034229755523 -0.007287213622
0.318673395329 0.034229670759 -0.007287620875
0.317211704904 0.034229618673 -0.00728787112
0.315381811881 0.034229593459 -0.007287992263
0.313920421939 0.034229588952 -0.007288013918
0.312090905603 0.034229757343 -0.007287204879
0.310628649876 0.034229733429 -0.007287319772
0.308799223177 0.034229644791 -0.007287745638
0.307337688159 0.034229589291 -0.007288012288
0.305507615533 0.034229558873 -0.007288158432
0.304046432384 0.034229549885 -0.007288201613
0.302216683729 0.034229713665 -0.007287414729
0.30075467936 0.034229687582 -0.007287540046
0.298924987823 0.034229596312 -0.007287978555
0.297463729999 0.034229539043 -0.007288253707
0.295633368494 0.034229506233 -0.007288411344
0.294172485411 0.034229495653 -0.007288462175
0.292342417699 0.034229654261 -0.007287700136
0.290880752536 0.034229626173 -0.007287835088
0.289050709033 0.034229532363 -0.007288285798
0.287589811718 0.034229474591 -0.007288563367
0.285759081839 0.034229439483 -0.007288732044
0.284298574501 0.034229428576 -0.007288784447
0.282467989288 0.034229537023 -0.00728826341
0.281007415558 0.034229442367 -0.007288720739
0.279176078263 0.034229232049 -0.0072897388
0.277717849618 0.034229064184 -0.007290545516
0.275883997008 0.034228851933 -0.00729157296
0.274428292059 0.034228683053 -0.007292384641
0.272591338501 0.03422817853 -0.007294813938
0.271155315702 0.034228195174 -0.00729503544
0.269306773604 0.034228449076 -0.007294707081
0.267912302388 0.034228489246 -0.007294645333
0.266022676793 0.034228628923 -0.00729496022
0.264669937732 0.034228591026 -0.007295370358
0.262754244976 0.034228703429 -0.00729545369
0.261542491937 0.034229836584 -0.007296106264
0.260513827913 0.034230162486 -0.007296848247
0.258638366694 0.03422761357 -0.007298120689
0.257137132384 0.034227960473 -0.007299106279
0.255733961084 0.034227789782 -0.007299935206
0.254022666111 0.034230011158 -0.007300905561
0.252929539712 0.034228499111 -0.007300596798
0.251663091207 0.034228519549 -0.007300271677
0.250339245508 0.034228184258 -0.007300572249
0.249020887228 0.034229756874 -0.007301544066
0.247749939151 0.034227680982 -0.007302916789
0.246432635359 0.034227431032 -0.007304999454
0.245196150046 0.03422820041 -0.007306050561
0.244080285125 0.034227783651 -0.007306638971
0.242954996379 0.03422708902 -0.007307659161
0.242177328425 0.034228411025 -0.007308284051
0.24091169261 0.034226381864 -0.007309181959
0.239637804108 0.034227612343 -0.007309926619
0.239070278187 0.03422602694 -0.007310746548
0.23836568912 0.034227465991 -0.007311745108
0.237632701861 0.03422563243 -0.007312613003
0.237051926847 0.034227239828 -0.007313184151
0.236195013727 0.034225531113 -0.007313828786
0.235702255261 0.034227143772 -0.007314092343
0.234517065371 0.034226511893 -0.007316362619
0.233987599831 0.034226218421 -0.007317533274
0.233066654191 0.034225657854 -0.007319686532
0.23251030512 0.034225333505 -0.007321053725
0.231616111746 0.034224748686 -0.007323366658
0.23103325895 0.034224390347 -0.007324942845
0.230504693731 0.034224549239 -0.007326334299
0.229758707366 0.034224036767 -0.007328863292
0.229372931242 0.034223735599 -0.007330330619
0.228618153989 0.034223081317 -0.007333508201
0.228240450038 0.034222696169 -0.007335253199
0.227857952585 0.034222283773 -0.007337124197
0.227467911819 0.034221857245 -0.00733913217
0.226860886482 0.034220869839 -0.007342752342
0.226425094087 0.034219846529 -0.007348263862
0.22605364604 0.034218302525 -0.007354590919
0.225654697476 0.0342165839 -0.007363334835
0.22526341151 0.034214219314 -0.007373385035
