0.225 0.027136498751 0.022103377926
0.225 0.02730171353 0.022873372063
0.225 0.027520758442 0.024087242808
0.225 0.027659019797 0.024970352676
0.225 0.027802744099 0.026208486356
0.225 0.027874050563 0.027043360812
0.225 0.027909724757 0.027728973135
0.225 0.027931316557 0.029048464353
0.225 0.027910320799 0.030035009384
0.225 0.02787293683 0.030953220603
0.225 0.027821198418 0.031634000754
0.225 0.027693801771 0.032836469705
0.225 0.027550092354 0.033750859326
0.225 0.027384553385 0.034681067148
0.225 0.027151561319 0.035810992588
