0.225 0.008527490497 0.033944594087
0.225 0.008108621682 0.03416848522
0.225 0.007674829681 0.034379673722
0.225 0.007388723268 0.034513733493
0.225 0.006965208532 0.034701992074
0.225 0.00665593247 0.034832736478
0.225 0.006319323442 0.034968748815
0.225 0.005962182488 0.035099355077
0.225 0.005633650518 0.03520881371
0.225 0.005358764779 0.035295910958
0.225 0.005062106573 0.035384473857
0.225 0.004786743091 0.035463452363
0.225 0.004540399366 0.035531500989
0.225 0.004272912446 0.035600596605
0.225 0.004111124905 0.035638367768
0.225 0.00386493313 0.035693797455
0.225 0.003706665805 0.035727357373
0.225 0.003450736396 0.035778928717
0.225 0.003265215958 0.03581396182
0.225 0.003073648699 0.035846831518
0.225 0.002925031743 0.035871891125
0.225 0.002757309065 0.035898264197
0.225 0.002560607611 0.035926926912
0.225 0.002432755794 0.035944515995
0.225 0.002315054216 0.035959670485
0.225 0.00210888979 0.035984380958
0.225 0.001983776538 0.035998083333
0.225 0.001789688161 0.036017754085
0.225 0.001658978057 0.036029784384
0.225 0.001505222466 0.036042731208
0.225 0.001371985897 0.036052826881
0.225 0.001282735905 0.036059197066
0.225 0.001192744635 0.036065055521
0.225 0.001134482885 0.036068684426
0.225 0.001035393663 0.036074276213
0.225 0.00087522205 0.036082258785
0.225 0.000782858057 0.036086231381
0.225 0.00069476115 0.036089604123
0.225 0.000602826849 0.036092738505
0.225 0.000550553339 0.03609426292
0.225 0.000461571083 0.03609659434
0.225 0.00038205006 0.036098298367
0.225 0.000319042921 0.0360994676
0.225 0.000200722661 0.036101031319
0.225 0.000129193077 0.036101679217
0.225 6.4596538e-05 0.036101992589
0.225 0.0 0.036102083758
0.225 -6.4596538e-05 0.036101992589
0.225 -0.000129193077 0.036101679217
0.225 -0.000200722661 0.036101031319
0.225 -0.000319042921 0.0360994676
0.225 -0.00038205006 0.036098298367
0.225 -0.000461571083 0.03609659434
0.225 -0.000550553339 0.03609426292
0.225 -0.000602826849 0.036092738505
0.225 -0.00069476115 0.036089604123
0.225 -0.000782858057 0.036086231381
0.225 -0.00087522205 0.036082258785
0.225 -0.001035393663 0.036074276213
0.225 -0.001134482885 0.036068684426
0.225 -0.001192744635 0.036065055521
0.225 -0.001282735905 0.036059197066
0.225 -0.001371985897 0.036052826881
0.225 -0.001505222466 0.036042731208
0.225 -0.001658978057 0.036029784384
0.225 -0.001789688161 0.036017754085
0.225 -0.001983776538 0.035998083333
0.225 -0.00210888979 0.035984380958
0.225 -0.002315054216 0.035959670485
0.225 -0.002432755794 0.035944515995
0.225 -0.002560607611 0.035926926912
0.225 -0.002757309065 0.035898264197
0.225 -0.002925031743 0.035871891125
0.225 -0.003073648699 0.035846831518
0.225 -0.003265215958 0.03581396182
0.225 -0.003450736396 0.035778928717
0.225 -0.003706665805 0.035727357373
0.225 -0.00386493313 0.035693797455
0.225 -0.004111124905 0.035638367768
0.225 -0.004272912446 0.035600596605
0.225 -0.004540399366 0.035531500989
0.225 -0.004786743091 0.035463452363
0.225 -0.005062106573 0.035384473857
0.225 -0.005358764779 0.035295910958
0.225 -0.005633650518 0.03520881371
0.225 -0.005962182488 0.035099355077
0.225 -0.006319323442 0.034968748815
0.225 -0.00665593247 0.034832736478
0.225 -0.006965208532 0.034701992074
0.225 -0.007388723268 0.034513733493
0.225 -0.007674829681 0.034379673722
0.225 -0.008108621682 0.03416848522
0.225 -0.008527490497 0.033944594087
