0.225416732524 0.04442302093 0.007182600264
0.225819491196 0.044421846533 0.007189009395
0.226208789145 0.044421175524 0.007194045526
0.226638982392 0.04442033441 0.007198584594
0.227075154751 0.044419913029 0.007201809624
0.227491576997 0.044419287252 0.007204413741
0.228171282333 0.044418938938 0.007206976085
0.22861996253 0.044418717689 0.007208482722
0.229343920882 0.044418459863 0.007210597647
0.229747996773 0.044418338217 0.007211610727
0.230125920628 0.044418241943 0.007212448622
0.230850105886 0.04441797652 0.007213749496
0.231337279366 0.044417812857 0.007214455101
0.231909967084 0.044417669532 0.007215239956
0.232784532073 0.044417432308 0.007216429929
0.233413799383 0.044417293161 0.007217258783
0.234231702674 0.044417085697 0.007218332432
0.23491768994 0.04441695145 0.007219200609
0.235511377175 0.044416797508 0.007219800342
0.23627996301 0.044415460072 0.00722037661
0.236798612453 0.044416732251 0.007220682404
0.237725048478 0.044415995767 0.007221156127
0.238411851544 0.044416209965 0.007221402579
0.239170100489 0.044416383323 0.007221595553
0.240119798166 0.044415897363 0.007221963957
0.240983129868 0.044416555813 0.007222428712
0.241860838168 0.044415706905 0.007222914063
0.242980175542 0.044415117177 0.007223446106
0.243787431863 0.044416327382 0.007223783543
0.245113771951 0.044414218651 0.007224539557
0.246777166774 0.044415720474 0.007225840216
0.247685061571 0.044415048661 0.007226759283
0.24882535511 0.044414457258 0.007227794312
0.250273526627 0.044413576362 0.007228913883
0.251898710838 0.044414817505 0.007229873566
0.252851125932 0.044414912411 0.007230155106
0.253914611387 0.044414028653 0.007230008612
0.255648277892 0.044412744979 0.007230977462
0.257242646787 0.044413313859 0.007231424341
0.258577443463 0.044413466586 0.007231492971
0.260221829919 0.04441508213 0.007231151483
0.261505857845 0.044413856674 0.007230662451
0.262783066715 0.044413270973 0.007230067071
0.264639106093 0.044413104627 0.007230291927
0.26605645564 0.044412958195 0.007231104118
0.267874186002 0.044412643774 0.007231911031
0.269348427708 0.044412578019 0.007232390737
0.271108802512 0.044412365535 0.007232735542
0.272640418156 0.044412277876 0.007233057295
0.274380747822 0.044412242045 0.007233275526
0.275931402971 0.044412338471 0.007232678274
0.277670497266 0.044412486517 0.007231753035
0.279223419833 0.044412617554 0.007230940876
0.280959984297 0.044412803896 0.007229777864
0.282515563944 0.04441291772 0.007229069635
0.28425025648 0.044413039613 0.007228312535
0.285808288446 0.044413294913 0.007226726824
0.287540055344 0.044413474982 0.007225608387
0.289100449228 0.044413515539 0.007225356477
0.290831486401 0.044413457028 0.007225719902
0.292391348769 0.044413385871 0.007226161869
0.294122771842 0.044413479517 0.007225580217
0.295683003925 0.044413466066 0.007225663767
0.29741428829 0.044413437847 0.007225839037
0.298974101355 0.044413391359 0.007226127784
0.300706055794 0.044413326449 0.00722653095
0.302265156946 0.044413305031 0.00722666398
0.303997176346 0.044413394734 0.007226106819
0.305556849238 0.04441339554 0.007226101813
0.30728859732 0.044413379581 0.007226200939
0.308848015611 0.044413339981 0.0072264469
0.31058032537 0.044413279141 0.007226824791
0.312139090985 0.044413259148 0.007226948967
0.313871423362 0.044413353692 0.007226361742
0.315430812928 0.044413357892 0.00722633565
0.317162818689 0.044413345661 0.007226411618
0.318722003698 0.044413309109 0.00722663865
0.320454523765 0.044413251602 0.007226995838
0.322013100614 0.044413234259 0.007227103556
0.323745602061 0.044413331623 0.007226498812
0.325304840753 0.044413338057 0.007226458849
0.327036980266 0.044413328348 0.007226519153
0.328596048235 0.044413293916 0.007226733019
0.330328669101 0.0444132388 0.007227075355
0.331887161127 0.044413223503 0.007227170365
0.333619730283 0.044413323574 0.007226548805
0.335178920385 0.044413332611 0.007226492677
0.336911087932 0.044413326009 0.007226533685
0.338470148794 0.044413294282 0.007226730747
0.340202755424 0.044413242388 0.007227053069
0.341761282246 0.044413229579 0.007227132625
0.343493803097 0.044413330914 0.007226503216
0.345053048225 0.044413340554 0.007226443343
0.346785152858 0.044413335539 0.007226474489
0.348344290169 0.044413305984 0.007226658063
0.35007680052 0.044413257426 0.007226959665
0.351635445395 0.044413247329 0.007227022379
0.353367849947 0.044413345465 0.007226412836
0.354927176851 0.044413348715 0.007226392652
0.356659239652 0.044413338997 0.007226453015
0.358218396746 0.044413308021 0.00722664541
0.359950889491 0.044413260279 0.007226941946
0.361509568977 0.044413254089 0.00722698039
0.363241853052 0.044413372166 0.007226246994
0.364801476255 0.044413404308 0.007226047356
0.366533056814 0.044413417341 0.007225966406
0.368092812404 0.044413395902 0.007226099566
0.369824667637 0.044413349459 0.007226388031
0.371383969277 0.044413337705 0.00722646104
0.373115675122 0.044413449147 0.00722576885
0.374675810023 0.044413469445 0.00722564278
0.376406964468 0.044413470552 0.007225635902
0.377967076216 0.044413441609 0.007225815669
0.379698627826 0.044413388079 0.007226148154
0.381258197532 0.044413373536 0.007226238482
0.382989653409 0.044413482741 0.007225560194
0.38455001931 0.044413500008 0.007225452944
0.386280945059 0.044413503506 0.007225431221
0.387841317842 0.044413481155 0.007225570045
0.389572537575 0.044413440709 0.007225821265
0.391132532474 0.044413439 0.00722583188
0.392863491082 0.044413555389 0.007225108968
0.394424402449 0.044413578858 0.007224963196
0.396154736262 0.04441358906 0.00722489983
0.397715744437 0.044413572074 0.007225005334
0.399446288538 0.044413537439 0.007225220457
0.40100699569 0.044413540089 0.007225203996
0.402737210615 0.044413660848 0.007224453941
0.404298896954 0.044413688637 0.007224281337
0.406028423237 0.044413703562 0.007224188637
0.407590269737 0.044413690406 0.00722427035
0.409319946505 0.044413659998 0.007224459224
0.410881548807 0.044413666148 0.007224421024
0.412610841751 0.044413790859 0.007223646421
0.414173478808 0.044413822677 0.007223448792
0.415902019332 0.044413843305 0.00722332067
0.417464893249 0.044413836017 0.007223365941
0.419193493423 0.044413813399 0.007223506421
0.420756224324 0.044413826201 0.007223426904
0.422484361579 0.044413951784 0.007222646887
0.424048147905 0.044413980948 0.007222465746
0.425775547228 0.04441400199 0.007222335053
0.427339576845 0.044413998314 0.007222357885
0.429066981683 0.044413983092 0.007222452431
0.430630970705 0.044414005937 0.007222310538
0.432357726329 0.044414155781 0.007221379831
0.433923094782 0.044414216369 0.007221003508
0.435648702993 0.044414264029 0.007220707482
0.437214670806 0.044414274585 0.007220641915
0.438940058312 0.044414267111 0.007220688343
0.44050609672 0.044414291111 0.007220539272
0.442230810816 0.044414437617 0.0072196293
0.443798166909 0.044414486576 0.007219325204
0.445521844184 0.044414530116 0.007219054769
0.447089747289 0.044414546003 0.007218956096
0.448813127565 0.044414553178 0.007218911532
0.450381292931 0.044414595782 0.007218646912
0.452103747578 0.044414760482 0.00721762393
0.453673499178 0.044414829035 0.007217198134
0.455394633724 0.044414893871 0.007216795431
0.456965218946 0.044414927175 0.007216588571
0.458685785976 0.044414953352 0.007216425984
0.46025689139 0.044415012171 0.007216060645
0.461976295784 0.044415191264 0.007214948273
0.463549187808 0.044415270469 0.007214456313
0.465267068912 0.044415356042 0.007213924808
0.46684107479 0.044415415051 0.007213558293
0.468557994427 0.044415478496 0.007213164222
0.470133006343 0.044415572012 0.007212583383
0.471848244663 0.044415788502 0.007211238727
0.473425587951 0.044415909517 0.007210487078
0.475138805649 0.0444160122 0.0072098493
0.476717511294 0.044416064198 0.00720952633
0.478429885149 0.044416091887 0.007209354351
0.480009336944 0.044416191745 0.007208734112
0.481720359389 0.044416339677 0.007207815281
0.48330046223 0.044416124775 0.007209150075
0.485013033 0.044415976619 0.0072100703
0.48659114491 0.044415934876 0.007210329571
0.488304407353 0.044415974414 0.007210083995
0.489883269684 0.044416145501 0.00720902134
0.491552896708 0.04441652256 0.007207268744
0.492994982135 0.044416612077 0.007206443757
0.494621763903 0.044416928457 0.007205321603
0.496015951305 0.044417094234 0.007204161409
0.497690225697 0.044417507485 0.007202570111
0.499066466567 0.04441776897 0.007201281857
0.500874206195 0.044417017075 0.007201049973
0.502504292669 0.044417534348 0.007200898351
0.504018931718 0.044417842164 0.007198283309
0.506021337495 0.044420681757 0.007191677748
0.507159366332 0.04442199762 0.007186169961
0.508359484091 0.044421888331 0.007179846356
0.510398182654 0.044422330102 0.007176960914
0.511380637764 0.044422802502 0.007175639237
0.512624160028 0.044422727923 0.00717361179
0.513856325417 0.044423645119 0.00717125651
0.514852147427 0.044424087415 0.007169070943
0.516332792733 0.044423082804 0.007165409416
0.51738570343 0.044426166883 0.007162444302
0.518841150613 0.044425800976 0.007155396504
0.520060729112 0.0444273466 0.007146277697
0.521056969133 0.044429305366 0.007137481096
0.522211442958 0.044430339388 0.007126419574
0.523272787653 0.044433628814 0.007114824824
0.524366532605 0.044434161379 0.007102056862
