0.524337937716 0.027315075119 0.021881936941
0.522881878732 0.027620839535 0.021491434763
0.521802123519 0.027815141793 0.021243318316
0.52007969683 0.028064073006 0.020907987854
0.518681967783 0.028223890322 0.020696484777
0.517323105368 0.028342567375 0.020529130964
0.516308251403 0.028416416831 0.020431572587
0.514824070462 0.028505840053 0.020304128172
0.513581130024 0.028577161049 0.020206610491
0.512402647802 0.028634998114 0.020121436751
0.511230469527 0.028689963387 0.020045310409
0.50998165751 0.028740552941 0.019970991302
0.508608283178 0.028794528416 0.019895751944
0.507467295796 0.028834619758 0.01983339991
0.506494043865 0.028871121753 0.019784264908
0.504905669417 0.028922242273 0.019710056909
0.503386213193 0.028964357237 0.019647224635
0.502388226589 0.028986932676 0.019611785933
0.501115016608 0.029016260874 0.019571654351
0.499845263734 0.02904227212 0.019529006658
0.498153447339 0.02907921136 0.019476336777
0.497040609926 0.029100111669 0.019444806028
0.495622791479 0.029123451389 0.019409044174
0.494227087894 0.029145000057 0.019377684926
0.493125939349 0.029159353574 0.019355780447
0.491274804979 0.02918321878 0.019317593416
0.489732346637 0.029202876495 0.019288296673
0.488151810675 0.029220882187 0.019260979949
0.486048983687 0.029244565598 0.019228274986
0.484918235895 0.029254740688 0.019212144968
0.483612434492 0.029264849268 0.01919524537
0.481672232175 0.029278377694 0.019173116822
0.480110935527 0.029289938966 0.019155519362
0.478414013318 0.029301190472 0.019137813677
0.476593726627 0.029310915371 0.019123754985
0.475109411699 0.029317945581 0.019113167401
0.473024351407 0.029328962936 0.019098355995
0.471780722727 0.029335942326 0.019089152722
0.47055942338 0.029340467226 0.019080937502
0.468436592654 0.029347131144 0.019068207399
0.466985768008 0.029350850911 0.019062827427
0.465140784769 0.029354164777 0.019057526085
0.463652757624 0.029357351947 0.019052531759
0.461857712496 0.029364786264 0.019040993507
0.460340563322 0.029370246523 0.019032519045
0.458576708355 0.029375926084 0.019023704221
0.45703573185 0.029378281704 0.01902004667
0.455289007394 0.029379738139 0.019017780015
0.453738121044 0.029381367891 0.019015249318
0.45200306274 0.02938551878 0.019008807576
0.450434613936 0.029388889879 0.019003575983
0.448718160666 0.029392469352 0.018998021018
0.447135743247 0.029393487511 0.018996440775
0.445427759364 0.029393487672 0.01899643959
0.443843255251 0.029394049813 0.018995567053
0.442139693763 0.029397029393 0.018990943125
0.44054307183 0.029399513257 0.018987088483
0.438853035156 0.029402091445 0.018983087465
0.437247099317 0.02940234842 0.018982688638
0.4355611902 0.029401584167 0.018983874394
0.433956960035 0.02940153972 0.018983943336
0.432271924912 0.029403846288 0.018980363852
0.430658729196 0.029405793449 0.018977342119
0.428984236409 0.029407800934 0.018974226772
0.427367716539 0.029407610038 0.018974525217
0.425693499072 0.029406424153 0.018976388891
0.424087280927 0.029406007582 0.018977038474
0.422404286128 0.0294079263 0.018974059684
0.420790194566 0.029409534469 0.018971563019
0.41911596707 0.029411208278 0.018968964448
0.417499622772 0.029410737349 0.018969697436
0.41582441439 0.029409289492 0.018971964765
0.414218615044 0.029408651419 0.0189729581
0.412534662328 0.029410347294 0.01897032439
0.410922192122 0.029411756294 0.018968136199
0.40924597599 0.029413237653 0.018965835634
0.407628577056 0.029412592542 0.018966836869
0.405951988496 0.029410965603 0.018969357263
0.40433887143 0.029410192509 0.01897055708
0.402661148293 0.029411752806 0.018968134186
0.401042854521 0.029413051909 0.018966116885
0.399372253279 0.029414416943 0.018963997203
0.397750224134 0.029413678936 0.018965143063
0.396078473765 0.029411968161 0.018967797933
0.394462403395 0.029411118668 0.018969116852
0.392787637735 0.02941260044 0.018966815964
0.391166590995 0.029413853334 0.018964870476
0.3894986696 0.029415185441 0.018962801986
0.387876761109 0.02941445364 0.018963939761
0.386206520262 0.029412770824 0.018966570331
0.384595785531 0.029411982344 0.018967796981
0.382916562719 0.029413665751 0.018965182192
0.38129883554 0.029415403694 0.018962482694
0.379628688956 0.029417435039 0.018959327465
0.378007644277 0.029417164914 0.018959748785
0.376337475017 0.029415690345 0.018962060334
0.374780629118 0.029414088045 0.018963900116
0.373102153384 0.029415140858 0.018963584309
0.371823430728 0.029415665573 0.018963156809
0.369896527133 0.029418044892 0.018961812307
0.368758274323 0.029417044892 0.018963377085
0.366605375378 0.029414953779 0.018966786109
0.365480865187 0.029413804446 0.018968655134
0.363316125347 0.029415453992 0.018966084016
0.362192162373 0.02941625411 0.018964836462
0.360028397242 0.029417721133 0.018962555199
0.358952377915 0.029417104613 0.018963817148
0.357855344755 0.029415789546 0.018965225483
0.355810922062 0.029413148018 0.018968120553
0.354586100716 0.029413982041 0.018966921753
0.352524338832 0.029415512464 0.018964578264
0.351297568444 0.029416385719 0.018963243867
0.349232994658 0.029416119463 0.018963646502
0.348004827003 0.029415085603 0.018965224158
0.345944056924 0.029413131217 0.018968209903
0.344711941501 0.029413928118 0.018967002602
0.342647470498 0.029415502184 0.018964621097
0.341422517197 0.029416392235 0.018963272482
0.339346318213 0.029416168781 0.018963693685
0.338126108649 0.029415155008 0.018965299984
0.336036322794 0.029413217797 0.018968406669
0.334830180097 0.02941402444 0.018967170646
0.332741212294 0.029415610772 0.018964758631
0.331541345754 0.029416474716 0.018963445353
0.329457417603 0.029416182613 0.018963805933
0.328252948516 0.029415111554 0.018965363872
0.326194796876 0.029413034845 0.018968354113
0.324964712901 0.029413820749 0.018967162369
0.322904083496 0.029415354414 0.01896481054
0.321676640396 0.029416231305 0.018963469277
0.319576306052 0.029416080733 0.018964060723
0.318366624273 0.029415173767 0.018965801201
0.316176511406 0.029413432057 0.018969333467
0.315057449111 0.029414337977 0.018967970994
0.312877785705 0.029416063778 0.018965396266
0.311768522322 0.029416879674 0.018964179872
0.30958677033 0.029416628567 0.018964549801
0.308478992942 0.029415540971 0.018966167489
0.306309503914 0.02941319322 0.018969663576
0.305186060988 0.029414220703 0.018968321092
0.304080635778 0.029415111686 0.018966996435
0.301887048318 0.029416386073 0.018964532696
0.300737359971 0.029417003062 0.018963353603
0.298595579879 0.029414974522 0.018966498843
0.297450484221 0.029413784182 0.018968353702
0.295311526491 0.029413407338 0.018969052573
0.29418523294 0.029414018113 0.01896821954
0.292033775132 0.029414787725 0.018967292063
0.290931430597 0.029414949547 0.018967182654
0.28874073325 0.029411607722 0.018971779566
0.28757978706 0.029409580337 0.018974679526
0.285416767222 0.029409142375 0.018973846271
0.284015767028 0.029410853128 0.018970549615
0.282044595672 0.029411442956 0.018968111161
0.280363123827 0.029411625522 0.018968263307
0.278657074951 0.029412909629 0.018965758534
0.276650164255 0.029415364326 0.018963650592
0.275211042069 0.029412643341 0.018966384813
0.273468624176 0.029409795936 0.018968997961
0.271676621516 0.02941036678 0.018970283059
0.270321234084 0.029411252045 0.018969815875
0.268607524589 0.029411739253 0.018972235304
0.266510451073 0.029407674764 0.018974781174
0.26480900385 0.029406116531 0.018976592286
0.263057876187 0.029402698081 0.018979620122
0.261033919153 0.029404471095 0.018982061737
0.259892413239 0.029403341089 0.01898294134
0.258142608889 0.029403002289 0.01898413542
0.256987091117 0.029399932831 0.018984795746
0.255215790167 0.029402608731 0.01898568305
0.254081145655 0.029398296846 0.018986001027
0.252762654567 0.029401926512 0.018986416523
0.251192952288 0.029399230644 0.018987152478
0.249945110358 0.029401532072 0.01898776066
0.248645674421 0.029397975864 0.018989766639
0.24723636407 0.029398525982 0.018992362331
0.2460491456 0.029394769345 0.018994719629
0.244533027975 0.029394786688 0.018998179948
0.243452919976 0.029390881567 0.019000802726
0.241990365039 0.029391966199 0.019002784992
0.24117269428 0.029389036854 0.01900401565
0.239770558214 0.029387767987 0.019008434766
0.238882404526 0.029385288364 0.019011695742
0.237709171724 0.02938224641 0.019016142909
0.236590360559 0.02937999987 0.019020411727
0.235591454658 0.02937749068 0.019024039965
0.234571503325 0.029375203781 0.019028002985
0.233404667759 0.029371888135 0.019032950149
0.232553108683 0.029368584914 0.01903676103
0.231216017358 0.029365811381 0.019043265303
0.230569163274 0.029361667948 0.019047281779
0.229869202666 0.02935940562 0.019052641317
0.228759485225 0.02934877255 0.019068074875
0.227654174853 0.029334904407 0.019090204302
0.226879742613 0.029320940184 0.019108977553
0.226132026809 0.02930866403 0.019130622552
