0.523842012249 0.027423051559 -0.021741989366
0.522140002509 0.027763164535 -0.021311274672
0.521118048994 0.027928815823 -0.021091499984
0.519688601004 0.028121530832 -0.020835203146
0.51839408574 0.028260781478 -0.02064710793
0.516901004802 0.028371504671 -0.020493219376
0.515637182302 0.028450837512 -0.020381133985
0.514583554403 0.028516530752 -0.020292456073
0.513318271327 0.028584801874 -0.020192316841
0.512188763339 0.028643606594 -0.020109657165
0.511003755453 0.028698387192 -0.020030137231
0.509624789099 0.028760208821 -0.019945991632
0.508715484969 0.028790624719 -0.019894666461
0.507876482453 0.028825799735 -0.019850386326
0.506526238854 0.028869958032 -0.019783501066
0.505311417173 0.028908130052 -0.019728808955
0.504328193837 0.028933523447 -0.019687508277
0.503207310712 0.02896583818 -0.019644876685
0.501767158927 0.028995788657 -0.01959538477
0.500154173034 0.029030342421 -0.019544184973
0.498487739745 0.029063745931 -0.019494017159
0.496436409784 0.029100893871 -0.019438966316
0.49415137984 0.02914031026 -0.019383683516
0.492587521535 0.029164890179 -0.019349493741
0.491033194621 0.029183885226 -0.019318081678
0.488954842198 0.029206673437 -0.019283778783
0.487584112397 0.029220772117 -0.019262636075
0.485494643026 0.029242574182 -0.019229740357
0.484207609018 0.029255883522 -0.019209737473
0.482101087127 0.029274970292 -0.019180865563
0.480850760065 0.0292848943 -0.019165875952
0.478743707027 0.029298254816 -0.019146376734
0.477615503264 0.029304844297 -0.019136782515
0.476518982791 0.029310551254 -0.019128024142
0.474340650792 0.029323016193 -0.019108554619
0.473188340478 0.029328985224 -0.019099226404
0.471042743224 0.029338962312 -0.01908365105
0.469862435245 0.029342988168 -0.019077540573
0.467695744678 0.029349758822 -0.019067380644
0.466541319277 0.029352994934 -0.019062519157
0.464404495959 0.02936072046 -0.019050239023
0.46324099688 0.02936449682 -0.019044243152
0.461140608739 0.029370506269 -0.019034678559
0.459939927671 0.02937260491 -0.019031477263
0.457821474384 0.029375939361 -0.019026472167
0.456634899274 0.029377576053 -0.019024001491
0.454527464955 0.029382673471 -0.019015955454
0.453336129605 0.029385238903 -0.019011905923
0.451245912319 0.029389151863 -0.019005729715
0.45004247122 0.029390016363 -0.019004282963
0.447986200269 0.029391189087 -0.019002236174
0.446755722418 0.029391787359 -0.019001219497
0.444684891392 0.029395516517 -0.018995628358
0.443449037447 0.029397469566 -0.018992661784
0.441357070474 0.029400376831 -0.018988370028
0.44015032413 0.029400615181 -0.018987930944
0.438089062092 0.029400776759 -0.018987524415
0.436863933384 0.029400799219 -0.018987431027
0.434805575976 0.029403422164 -0.018983341974
0.433567004537 0.029404811523 -0.01898116819
0.431511776954 0.029406755205 -0.018978150012
0.430270815732 0.02940669777 -0.018978297171
0.428197064319 0.029406452471 -0.018978834402
0.426974774735 0.029406223431 -0.018979257512
0.424932233604 0.029408016102 -0.018976080086
0.423692533736 0.029409006457 -0.018974395711
0.421695718004 0.029410200371 -0.018972194951
0.420407211256 0.029409834247 -0.018972779198
0.418399038392 0.029409112666 -0.018973938809
0.417116202732 0.029408608331 -0.018974741256
0.415108403571 0.029410355649 -0.018971984445
0.413822300164 0.02941133295 -0.018970443017
0.411820759633 0.029412533493 -0.018968548273
0.410530336935 0.029412008528 -0.018969375794
0.408527139778 0.029411050032 -0.018970886571
0.407240518104 0.02941040699 -0.01897190024
0.40520877858 0.029412174265 -0.01896940148
0.403935990181 0.029413104932 -0.018968037524
0.401873687739 0.029414395568 -0.018966303344
0.400637660572 0.029413818311 -0.018967206852
0.39858320208 0.029412726769 -0.018968908773
0.397348780334 0.029412045145 -0.018969977031
0.395291288862 0.029413497868 -0.018967713733
0.394054194052 0.029414249935 -0.018966537537
0.391997727379 0.029415233801 -0.018965014825
0.390760112003 0.029414662209 -0.018965966955
0.388684572934 0.029413613283 -0.018967753501
0.387466067769 0.029412956776 -0.018968844641
0.385430292596 0.029413982966 -0.018966752648
0.384188979482 0.029414573143 -0.018965660242
0.382209572606 0.029415140429 -0.018964341911
0.380912508539 0.029414370392 -0.018965457579
0.37897135421 0.029412984902 -0.018967319055
0.377636260703 0.029412118181 -0.018968609102
0.375700796707 0.029413513774 -0.018966444771
0.37434149298 0.029414367286 -0.018965109705
0.372406696459 0.029415298922 -0.018963674192
0.371046971132 0.029414585959 -0.018964823832
0.369088868711 0.029413474203 -0.018966700171
0.367752112553 0.029412672159 -0.018967996981
0.365814396339 0.029413811258 -0.018965962559
0.364468876868 0.02941456392 -0.018964726976
0.362568513883 0.029415249711 -0.018963426439
0.361197748543 0.029414377827 -0.018964705609
0.35941679752 0.029412818692 -0.018966554035
0.357942623407 0.029411904883 -0.018968063314
0.356195668264 0.029413229817 -0.018965983507
0.354650198839 0.029414294473 -0.018964329458
0.352912538743 0.0294151814 -0.018962932843
0.351359228261 0.029414296794 -0.018964308919
0.34961587791 0.029413131949 -0.018966129376
0.348069473089 0.02941208305 -0.018967761634
0.346324754374 0.029413370026 -0.01896575228
0.344776284217 0.029414398189 -0.018964151979
0.343037910984 0.029415256086 -0.01896281123
0.34148511545 0.029414345718 -0.018964229094
0.339742893671 0.029413157973 -0.018966080063
0.338195786077 0.029412098494 -0.018967730234
0.336440876826 0.029413415196 -0.018965741223
0.334897506297 0.029414414807 -0.01896416685
0.333131999529 0.029415319755 -0.018962820679
0.331603639827 0.029414424507 -0.018964217019
0.329837589536 0.029413222358 -0.01896609042
0.328314445064 0.029412180417 -0.018967715474
0.326550404485 0.029413410871 -0.018965774176
0.325022501093 0.029414380242 -0.018964267838
0.323268797454 0.029415185926 -0.01896298998
0.321732283792 0.029414275364 -0.018964411439
0.319976591055 0.029413060833 -0.018966296296
0.31844361517 0.029412000746 -0.018967950579
0.316698286183 0.029413183327 -0.018966038192
0.3151547598 0.029414167236 -0.018964526487
0.313431484491 0.029414920274 -0.018963289784
0.311867610299 0.029413963829 -0.018964797203
0.310152753481 0.029412702199 -0.01896671494
0.308581943936 0.029411579552 -0.018968481271
0.306866913234 0.029412817766 -0.018966561019
0.3052854988 0.02941382877 -0.018964985725
0.303573852115 0.029414628374 -0.018963747531
0.301983072573 0.029413586768 -0.018965282054
0.300198319873 0.029412453302 -0.018967295759
0.298673740567 0.02941131861 -0.01896903481
0.296870922581 0.029412449464 -0.018967236728
0.295374614357 0.029413287286 -0.018965931435
0.293582595562 0.029413964867 -0.018964842654
0.292085506137 0.029412966144 -0.018966438338
0.290349954773 0.02941148516 -0.01896853185
0.288807828463 0.029410334996 -0.018970393087
0.287067692362 0.029411510389 -0.018968618005
0.285489833742 0.029412434776 -0.018967158584
0.283739462357 0.029413229036 -0.018965977794
0.282167977611 0.029412168008 -0.018967526028
0.280286846504 0.029411411955 -0.018969320057
0.278840722181 0.029410823827 -0.018970341366
0.276890819223 0.029410993607 -0.018970279699
0.27551517781 0.029411058199 -0.018970226306
0.27353492859 0.029411232636 -0.018970170611
0.272214978386 0.029410390378 -0.018971738152
0.270162134108 0.029409594336 -0.018973898127
0.268951648444 0.029409143623 -0.018975025081
0.26730921664 0.029410113487 -0.018974831604
0.265660838385 0.029409541786 -0.018974384714
0.264414165679 0.029409423805 -0.018973927826
0.262428888767 0.029408297108 -0.018974320938
0.261096859854 0.029407214912 -0.018975786169
0.259356309733 0.02940552263 -0.018977507523
0.257631320442 0.029406036919 -0.018979118566
0.256440899156 0.029406116961 -0.01898022843
0.255145878094 0.029404253966 -0.018981317198
0.253526282282 0.029402455923 -0.01898270527
0.252284917824 0.029403942588 -0.018983964323
0.250713158272 0.029399258091 -0.018986035239
0.249480431687 0.029401220569 -0.018987786808
0.248374877003 0.02939745845 -0.018989016917
0.247189477218 0.029399740612 -0.018990310249
0.245938161258 0.029394744812 -0.018993127862
0.244695209878 0.029395932638 -0.018995947134
0.243401028908 0.029390900885 -0.018998856857
0.242530029817 0.029392959984 -0.019000657755
0.241205979453 0.02938898111 -0.019004064548
0.240320297582 0.029389181207 -0.019007075625
0.23885954749 0.029383517588 -0.019012112578
0.237666317809 0.029383019971 -0.019016438098
0.236513217175 0.029378005926 -0.019020680099
0.235642844819 0.02937817114 -0.019023640364
0.234521505934 0.02937379164 -0.019027912008
0.233669103815 0.029372671917 -0.019031676544
0.232530173817 0.029369496606 -0.019037226835
0.231328739843 0.029364966902 -0.019043843302
0.230567086243 0.029361166715 -0.019048576194
0.229764195942 0.029356788143 -0.019056417805
0.228767013918 0.029346649567 -0.019070667849
0.22772290234 0.029334234506 -0.019091113077
0.226883506959 0.029319873504 -0.019110736631
0.226109276042 0.029307510642 -0.019132285118
