0.524373121742 0.033966924279 0.008432538668
0.523315009089 0.033993916001 0.008323616096
0.522477862422 0.034015115738 0.008242315242
0.521083885694 0.034042747607 0.008119906172
0.520245084418 0.034059658765 0.008057625769
0.518824875354 0.034078095106 0.007968984032
0.517923982252 0.034090014225 0.007925721334
0.516236576486 0.03410421127 0.007860445456
0.515099448928 0.034114233717 0.007820053264
0.513484636926 0.034126314929 0.007765560375
0.512456266446 0.034133365944 0.007734303065
0.511058249066 0.034140807966 0.007694991943
0.510232070405 0.034147490679 0.007674781143
0.508268251441 0.034156584391 0.007636060152
0.506995721097 0.034160240301 0.007615022421
0.505751926566 0.03416419587 0.007594982185
0.503809069848 0.03416938054 0.007565872395
0.502312970324 0.034174422594 0.00754393983
0.500624947165 0.034178726334 0.007521470716
0.498972036922 0.034183631791 0.007499524068
0.497313607155 0.034188500852 0.00748035866
0.49592655263 0.034191882146 0.007465543357
0.493971435697 0.034197368231 0.007447872852
0.492876716965 0.034199828107 0.007439189745
0.49174648869 0.034200611128 0.007431370627
0.4897488353 0.034202739931 0.007417010685
0.488433853528 0.034204297153 0.007409528973
0.486468419146 0.034206640019 0.007398272615
0.485131403819 0.034208244624 0.007390563252
0.483188622887 0.034210760892 0.007378473781
0.481828005211 0.034212530059 0.007369973776
0.479908947635 0.034214924864 0.007358467878
0.478527281934 0.034215862637 0.007353962325
0.476623392239 0.03421699454 0.007348524072
0.475230542769 0.034217776218 0.007344768479
0.473337293366 0.034218870649 0.007339510263
0.471933958797 0.034219634525 0.0073358402
0.470051355759 0.034220804195 0.007330220495
0.468637452856 0.03422146504 0.007327045448
0.466764019178 0.034222239476 0.00732332465
0.465342461905 0.03422275597 0.007320843144
0.463475954901 0.034223415579 0.007317674037
0.462048027667 0.034223848618 0.007315593487
0.460187848042 0.034224576515 0.007312096292
0.458753638295 0.034224925287 0.007310420605
0.456898507565 0.034225298081 0.007308629511
0.455460467658 0.034225567887 0.007307333221
0.453608952327 0.034225943156 0.007305530229
0.452167281415 0.034226216044 0.007304219132
0.450319813502 0.034226736544 0.007301718381
0.448873888638 0.034226937762 0.007300751622
0.44702953445 0.034227123823 0.007299857689
0.445581598689 0.034227266692 0.007299171269
0.443739180491 0.034227484423 0.007298125179
0.442289148983 0.034227652522 0.007297317541
0.440449374124 0.034228040055 0.007295455627
0.438996404987 0.034228143167 0.007294960225
0.437158478921 0.034228207883 0.007294649293
0.43570468682 0.034228268449 0.007294358304
0.433867622918 0.034228389674 0.007293775877
0.432412684254 0.034228495023 0.007293269722
0.430577352751 0.034228780117 0.007291899983
0.42912036274 0.034228835196 0.007291635356
0.427286184472 0.034228850686 0.007291560933
0.425828888392 0.034228873638 0.007291450659
0.42399507753 0.034228943101 0.007291116925
0.42253714207 0.034229008948 0.00729080056
0.420704604661 0.034229261349 0.007289587894
0.419245026854 0.034229275644 0.007289519211
0.417413163987 0.0342292349 0.007289714968
0.415953812745 0.034229221399 0.007289779835
0.414121847636 0.034229252731 0.0072896293
0.412662235106 0.034229296629 0.007289418387
0.410831227922 0.034229518678 0.007288351548
0.409370255728 0.034229514945 0.007288369483
0.407539680833 0.034229454328 0.007288660718
0.406079139245 0.034229425929 0.007288797165
0.404248269713 0.034229438406 0.00728873722
0.402787653861 0.034229468302 0.007288593583
0.40095756133 0.034229672773 0.007287611198
0.399495758055 0.034229656852 0.007287687689
0.397665938507 0.034229581449 0.007288049966
0.396204713109 0.034229542357 0.007288237784
0.394374460959 0.034229541867 0.007288240138
0.392913289924 0.034229562577 0.007288140636
0.391083692987 0.03422975501 0.007287216085
0.389621450467 0.034229731058 0.007287331166
0.387792002977 0.034229639757 0.007287769822
0.386330497059 0.03422958396 0.007288037901
0.384500398754 0.034229555058 0.007288176761
0.383039228502 0.034229549107 0.007288205353
0.381209513968 0.034229726596 0.0072873526
0.379747520802 0.03422967066 0.007287621346
0.377917652284 0.034229550199 0.007288200106
0.376456654752 0.034229492449 0.007288477567
0.374626114326 0.034229489101 0.007288493651
0.373165197431 0.034229524827 0.007288322007
0.37133544689 0.034229738052 0.007287297561
0.369873260188 0.034229728136 0.007287345204
0.368043853984 0.034229657383 0.007287685135
0.36658220575 0.034229617021 0.007287879057
0.364752353855 0.034229609759 0.007287913948
0.363290830671 0.034229620107 0.00728786423
0.361461484871 0.034229786926 0.007287062747
0.359999052476 0.034229766769 0.00728715959
0.358169850438 0.034229691467 0.007287521381
0.356708019672 0.034229647949 0.007287730462
0.35487832456 0.034229634671 0.007287794257
0.353416673587 0.034229640709 0.007287765249
0.351587477718 0.034229819724 0.007286905165
0.350124883569 0.034229791581 0.007287040378
0.348295774197 0.034229699659 0.007287482023
0.346833922969 0.034229647045 0.007287734808
0.345004205239 0.03422962752 0.007287828616
0.343542596677 0.034229632755 0.007287803463
0.341713346257 0.034229808249 0.0072869603
0.340250814017 0.034229781007 0.007287091183
0.338421652563 0.034229691683 0.00728752034
0.336959843589 0.034229639971 0.007287768794
0.335130085679 0.034229620283 0.007287863384
0.333668521426 0.03422962421 0.007287844517
0.331839218948 0.034229798252 0.007287008329
0.330376745351 0.034229770117 0.007287143505
0.328547519075 0.034229679486 0.007287578944
0.327085781568 0.034229626714 0.007287832486
0.32525594513 0.034229605571 0.00728793407
0.323794466809 0.034229608317 0.007287920878
0.321965069536 0.034229780383 0.00728709418
0.320502700544 0.03422975073 0.007287236652
0.318673359586 0.034229658028 0.007287682038
0.317211747485 0.034229603507 0.007287943985
0.315381773685 0.034229579855 0.007288057624
0.313920445685 0.034229580494 0.007288054553
0.312090884098 0.034229749683 0.007287241679
0.310628694418 0.034229717565 0.007287395992
0.308799159312 0.034229622044 0.007287854925
0.30733775427 0.034229565744 0.007288125418
0.305507563279 0.034229540262 0.007288247849
0.304046460419 0.0342295399 0.007288249586
0.302216665258 0.034229707087 0.007287446335
0.300754721223 0.034229672672 0.007287611683
0.298924928015 0.034229575011 0.007288080898
0.29746379003 0.034229517662 0.007288356431
0.295633327864 0.034229491762 0.007288480869
0.294172496485 0.034229491708 0.007288481125
0.292342429554 0.034229658484 0.00728767985
0.290880876475 0.03422958203 0.007288047172
0.289050389044 0.034229418395 0.007288833362
0.287590260527 0.034229314741 0.007289331368
0.285758501062 0.034229232631 0.007289725869
0.284299232928 0.034229194068 0.007289911147
0.28246694848 0.034229166324 0.00729004444
0.281008980951 0.034228884839 0.007291399439
0.279174114623 0.034228532546 0.007293099711
0.277719891847 0.034228336859 0.007294040184
0.275882206058 0.034228213975 0.007294638307
0.274429647764 0.034228200251 0.007294704532
0.272590923157 0.034228030584 0.007295524832
0.271188825003 0.034228711002 0.007294800406
0.269163622145 0.03423069484 0.007293646382
0.268046134595 0.034231103573 0.007293412338
0.266866753273 0.034230228004 0.007293502082
0.264905121543 0.034228538337 0.007294356457
0.263419859364 0.034228340922 0.007295700384
0.261805878812 0.034228286872 0.007295718647
0.260152335084 0.034229128703 0.007295603818
0.258844361009 0.034229335202 0.007295825529
0.256876581095 0.034230883961 0.007296758182
0.255876350342 0.034229792174 0.007297812787
0.25466846981 0.034228884592 0.007299343599
0.253009353043 0.034227863945 0.007300625484
0.251490256723 0.034228814859 0.0073012463
0.250431300704 0.034229481369 0.007301938202
0.249440180139 0.034228773094 0.007302749922
0.247854219846 0.03422701524 0.007304421255
0.246363516414 0.034227546657 0.00730649833
0.245295824077 0.03422822422 0.007307372928
0.244097887964 0.034227275412 0.007308341556
0.243055895759 0.034226902861 0.007308960515
0.242291209561 0.034228168823 0.00730944509
0.241070179295 0.034226238323 0.007310164318
0.239905892814 0.034227036012 0.007310905573
0.239256424814 0.034225892663 0.007311755531
0.238746253621 0.03422743969 0.007312588993
0.237786592253 0.034226268983 0.007314128837
0.237066527854 0.034226307808 0.007315324188
0.236316790642 0.034225952854 0.007316601716
0.23538668999 0.034226118373 0.00731822786
0.23482316779 0.03422609683 0.00731832552
0.233876913674 0.03422602446 0.007318866046
0.233352003232 0.034225906273 0.007319499544
0.23239509932 0.034225571939 0.007321238011
0.231880049569 0.034225316797 0.007322499699
0.230914534305 0.034224714394 0.007325458524
0.230479330381 0.034224309592 0.007326871773
0.229790967732 0.034223573886 0.007329310521
0.229238754124 0.034223145813 0.007331460064
0.228672003941 0.034222592616 0.007333796062
0.227997620292 0.034222140169 0.007336813046
0.227553247622 0.034221798076 0.007338911192
0.226971155402 0.034220889022 0.007343310877
0.226621708997 0.034219852083 0.007347270007
0.226248982322 0.034218827033 0.00735300881
0.225810854498 0.034216917563 0.007361127092
0.225416271594 0.034215113602 0.007370113524
