0.226108796447 0.036467902333 0.026363826093
0.227142376221 0.036446866811 0.026390965451
0.228075200266 0.036434360669 0.026410272612
0.229284752441 0.036419699962 0.026429804361
0.2305631616 0.036411332701 0.026442158625
0.231434843061 0.036406360704 0.026446405972
0.232316539855 0.036405115385 0.026450785631
0.233697821645 0.036401220325 0.026456422655
0.235111185551 0.036397376749 0.026461530852
0.235925985142 0.036393346248 0.026464229454
0.236847275158 0.036393308254 0.026466916523
0.238153642612 0.036389843302 0.026470355022
0.239431650765 0.036388099621 0.026473680644
0.240655822154 0.03638482491 0.026476965097
0.242088503183 0.036383124316 0.026480879288
0.24315809455 0.036379038768 0.026483917195
0.244070993682 0.036379226963 0.026486495264
0.245606200941 0.036376628223 0.026488945163
0.247390074479 0.036374315991 0.026492406033
0.248658929987 0.03637109578 0.026492401474
0.249753287655 0.036374548518 0.026492232856
0.251482366956 0.036375050624 0.026492111156
0.253261490516 0.036374887187 0.026492017948
0.254307340665 0.036371234048 0.026492066165
0.256144935655 0.03637387893 0.026491514097
0.257417253789 0.0363760782 0.02649043778
0.258766447066 0.036375603882 0.026488688661
0.260880915525 0.036372371318 0.026491472747
0.262996098094 0.036371111407 0.02649485631
0.264615006485 0.036369324897 0.026498004136
0.266719018306 0.036368124948 0.026502046126
0.267877808873 0.036365229161 0.026504620061
0.269148996178 0.036362383579 0.026507666103
0.271176897757 0.036363392567 0.026507882166
0.272151157286 0.036364251904 0.026505391603
0.273449454937 0.036365522259 0.026503099251
0.274956533329 0.036366352952 0.0265025003
0.276654137442 0.036365501977 0.02650307589
0.278341392658 0.036366382382 0.026502438547
0.279701152685 0.036365972292 0.026501749597
0.280853177162 0.036365746904 0.026503210238
0.282228643575 0.036367094949 0.026503138177
0.283549860972 0.036364283901 0.026502279918
0.285283547972 0.036363402101 0.026502566575
0.287158953348 0.036363477427 0.026504044339
0.288602353044 0.036362452498 0.026505880506
0.290765174704 0.036361600632 0.026509942643
0.29213244164 0.036359017496 0.026513668045
0.293549746579 0.036355305166 0.026517229734
0.295766130428 0.036358765113 0.026514044169
0.296914752822 0.036360053833 0.026512515959
0.298092198048 0.036360564488 0.026511021531
0.300278448086 0.036361304565 0.026508468538
0.301571925379 0.036361387293 0.026507697674
0.303589885954 0.036356748092 0.026513947279
0.304866839514 0.036356966265 0.026513653372
0.30688231377 0.036358070768 0.026512165463
0.308156648225 0.036358907412 0.026511038396
0.310175396978 0.036360210169 0.026509283413
0.311446618194 0.036360647605 0.02650869413
0.313463461563 0.036356095562 0.026514826321
0.314741428309 0.036356356204 0.026514475203
0.316755991163 0.036357545078 0.026512873636
0.318031116928 0.036358447004 0.026511658625
0.320049220125 0.036359866111 0.026509746904
0.321320921852 0.036360392869 0.026509037292
0.32333750075 0.036356020724 0.026514927138
0.324615645107 0.036356209709 0.026514672551
0.326629856533 0.036357253637 0.026513266245
0.327905519229 0.036358069344 0.026512167382
0.329922921143 0.036359369861 0.026510415417
0.331195456791 0.036359849921 0.026509768713
0.333211329007 0.036355683035 0.026515382049
0.33448992548 0.036355983991 0.026514976622
0.336503900714 0.036357185022 0.026513358677
0.337779604585 0.036358086647 0.026512144072
0.339797126674 0.036359502314 0.026510236986
0.341069405391 0.036360037645 0.026509515825
0.343085597149 0.036355893512 0.026515098509
0.344363860117 0.036356189115 0.026514700294
0.34637815644 0.036357380027 0.026513095981
0.347653550819 0.036358277318 0.026511887213
0.349671379193 0.036359693323 0.026509979672
0.350943342434 0.03636023977 0.026509243536
0.352959949506 0.036356208933 0.026514673596
0.354237677364 0.036356540524 0.0265142269
0.356252555679 0.036357753871 0.026512592364
0.357527350467 0.03635865066 0.026511384274
0.359545761766 0.036360046399 0.026509504032
0.360817184539 0.036360560203 0.026508811872
0.362834216496 0.036356417976 0.026514391988
0.364111462701 0.036356931699 0.026513699937
0.366127259233 0.036358506942 0.02651157788
0.367400653184 0.036359643257 0.026510047117
0.369420973327 0.036361432527 0.026507636739
0.370689998431 0.036362161954 0.026506654106
0.372709433378 0.036357810734 0.026512515762
0.373984754688 0.036357937668 0.026512344766
0.376001785772 0.036359039423 0.02651086056
0.377274441649 0.036360030535 0.026509525404
0.379295375984 0.03636181063 0.026507127384
0.380563694303 0.036362664618 0.026505976953
0.382584000474 0.036358393756 0.026511730357
0.383858090114 0.036358889504 0.02651106252
0.385877024345 0.036360459212 0.026508947919
0.387147279127 0.036361602894 0.026507407232
0.389170773767 0.03636342882 0.026504947472
0.390436560081 0.03636420171 0.02650390629
0.392459332696 0.036359930246 0.026509660505
0.393730954644 0.036360428152 0.026508989761
0.395752368148 0.036362010134 0.026506858626
0.397020119168 0.036363172058 0.026505293364
0.399046174894 0.036365051178 0.026502761947
0.400309318431 0.036365872675 0.026501655283
0.402334834785 0.036361678419 0.02650730549
0.403603611505 0.036362225589 0.026506568381
0.405627969782 0.036363882356 0.026504336502
0.406892680398 0.036365088666 0.026502711445
0.408921879915 0.036367052236 0.026500066262
0.410181762293 0.036367935542 0.026498876334
0.41221067437 0.036363847164 0.026504383909
0.413475917309 0.036364460498 0.026503557669
0.415503942952 0.03636621757 0.026501190666
0.416764859279 0.036367481743 0.026499487661
0.418797986267 0.036369553416 0.026496696848
0.420053794651 0.03637051121 0.026495406576
0.422086932147 0.036366537045 0.026500760291
0.423347782528 0.036367244447 0.026499807328
0.425380396529 0.036369151448 0.026497238352
0.426636534687 0.036370502227 0.026495418677
0.428674636461 0.03637273231 0.026492414466
0.429925258821 0.03637379493 0.026490982979
0.4319637743 0.03636995515 0.026496155661
0.433219045634 0.036370778726 0.026495046198
0.435257487052 0.036372879063 0.026492216771
0.436507550845 0.036374344241 0.026490242986
0.438551992832 0.036376791215 0.026486946595
0.439795987794 0.036377994823 0.02648532518
0.441841373486 0.03637431664 0.026490280168
0.443089530643 0.036375282637 0.026488978845
0.445135393011 0.03637762284 0.026485826288
0.446377733142 0.036379225381 0.026483667458
0.44843022438 0.036381940729 0.026480009533
0.449665812725 0.036383321297 0.026478149728
0.451719980268 0.036379933757 0.026482713184
0.452958956286 0.036381106688 0.026481133094
0.455014480494 0.036383838986 0.026477452334
0.456246647265 0.036385686867 0.026474962999
0.458309921146 0.036388916139 0.026470612751
0.459534045504 0.036390631847 0.02646830147
0.461600242495 0.036387613821 0.026472367142
0.462826623578 0.036389121925 0.026470335531
0.464895347704 0.036392272957 0.026466090683
0.466113879765 0.036394243923 0.026463435535
0.468190971897 0.03639757883 0.026458942983
0.469401181594 0.036399309046 0.026456612159
0.471481803609 0.036396912506 0.026459840608
0.472671632124 0.036399138993 0.026457488679
0.474804505452 0.036404751275 0.02645139605
0.475893176138 0.036406804374 0.026447710299
0.477046886373 0.03640941088 0.02644337735
0.479113304649 0.036414852472 0.026434411039
0.480431996305 0.036416898322 0.026433207815
0.481601393248 0.036418600227 0.026432235667
0.483496522597 0.036416272018 0.026432184497
0.484723672125 0.036416439344 0.026431382641
0.486355557125 0.036416646645 0.026429374038
0.487841949037 0.036419309683 0.026426614741
0.489012410123 0.036424354228 0.026423354524
0.490107047123 0.036426193933 0.026419656637
0.491261068947 0.036431169172 0.026415299848
0.492448909821 0.036432792416 0.026412667229
0.494673136727 0.036437229102 0.026405806481
0.49600371412 0.036440914916 0.026400513774
0.497389479859 0.036446540581 0.026393528963
0.498514511442 0.036447831179 0.026386471337
0.499590189191 0.036456923911 0.026379048376
0.500821297607 0.036457367938 0.026373888233
0.502041605731 0.036463512624 0.026369242716
0.503478625398 0.036466093806 0.026363176414
0.504833326018 0.036472755458 0.026356377037
0.506279050201 0.036477122982 0.026347525179
0.50783688149 0.036486271845 0.026337563842
0.509096543648 0.036487714156 0.026332016943
0.510236584105 0.036494220772 0.02632670233
0.511658194136 0.036500103134 0.026317067949
0.513268176436 0.03651631462 0.02629658904
0.514299306885 0.03652290862 0.026282256652
0.51520540251 0.036536839498 0.026268583752
0.517025598902 0.036554389896 0.026243658257
0.518833936863 0.036577548726 0.026211478261
0.519922249456 0.036592269129 0.026185852214
0.521133641206 0.036620115643 0.026151573328
0.522818899811 0.036657465149 0.026096522361
0.524271870821 0.036699834301 0.02603890321
