0.524535455642 0.019998158719 0.028723364825
0.522921609401 0.020852065501 0.028106869972
0.521616013466 0.021389575288 0.027702687522
0.520179023503 0.02185035652 0.027338244194
0.519151976109 0.022109423954 0.02713207662
0.517432795631 0.022425346673 0.026869555097
0.516247095964 0.022598060448 0.026726114938
0.514796179964 0.022795774845 0.026558327172
0.513108505026 0.02299948883 0.026382177442
0.512253311032 0.023088966828 0.026300854565
0.511329243997 0.023184690666 0.026219509841
0.509713214607 0.023327161189 0.026091608007
0.507938099056 0.02346627884 0.025967518716
0.506826410671 0.023546186708 0.025893447163
0.505143129727 0.023660869342 0.025789651731
0.503766796072 0.023746695595 0.025711361568
0.50203501533 0.023834061476 0.0256302073
0.501061506563 0.023873735846 0.025588350579
0.50003706252 0.02392127912 0.025547488397
0.498190607404 0.023995539073 0.025474322446
0.496082357807 0.024077477074 0.025400731748
0.494735756283 0.024123813526 0.025358000921
0.493365891546 0.024164287429 0.025318002499
0.491098233112 0.02422442888 0.025258682376
0.489368474022 0.024265834754 0.025219120771
0.487729866044 0.02430314048 0.025182989836
0.48564320571 0.024349667471 0.025140696742
0.484452716624 0.024371047666 0.025120618938
0.483243711361 0.024389947416 0.02510145557
0.481087094275 0.024420842446 0.025070130854
0.479658103731 0.024439935457 0.025051209904
0.477770337586 0.024465672263 0.025025214605
0.476092606255 0.0244875947 0.025004021916
0.474479327899 0.024506438846 0.024985696829
0.472673000181 0.024521602103 0.02497094979
0.471197021218 0.024532521818 0.02496030078
0.469325513651 0.024546755259 0.024946522645
0.467918130741 0.024559428423 0.024934195223
0.465963337625 0.024575494706 0.024918698333
0.464640081281 0.024585109435 0.024909408029
0.462636471344 0.024593881374 0.024900880947
0.461358224223 0.024598590108 0.024896302193
0.459326476612 0.024607687001 0.024887460187
0.458078467443 0.024615080958 0.024880269818
0.45601056945 0.024626187951 0.024869473543
0.454798963619 0.024631938531 0.024863883552
0.452706080369 0.02463619497 0.024859744195
0.451511836681 0.024637995898 0.024857992822
0.449405429654 0.024643449319 0.024852689111
0.448227618595 0.024648229878 0.024848039098
0.446098076315 0.024656066127 0.02484041743
0.444944188253 0.024659824682 0.024836755717
0.442770304327 0.024661313432 0.024835554873
0.441643686299 0.024661597007 0.024835402409
0.440063875157 0.024663045448 0.024834125273
0.438353418523 0.024667989489 0.024829101322
0.437242815794 0.024670947342 0.024826095655
0.43506795733 0.024676226198 0.024820731402
0.433942465918 0.02467609559 0.024820842586
0.431774025539 0.024674993052 0.024821919148
0.430646230984 0.024674109069 0.024822794861
0.428486538617 0.024679091013 0.024817790793
0.42735563703 0.024681454297 0.024815416536
0.425202074779 0.024685566412 0.024811294351
0.424083612261 0.024685139902 0.024811875656
0.422276266463 0.024683847426 0.02481344895
0.420847861518 0.024681979087 0.024815067079
0.419732028547 0.024684153959 0.024812929978
0.417557406153 0.0246881146 0.024809027544
0.416446647735 0.024689947893 0.024807219624
0.414268547749 0.024690608786 0.024806551435
0.413155591676 0.024689402532 0.024807724992
0.410982704605 0.024686421684 0.024810625477
0.409863350325 0.024688371794 0.024808734161
0.407681862698 0.024691948095 0.024805267282
0.406575005674 0.024693585051 0.024803681093
0.404386881275 0.024693891442 0.024803385653
0.403282941346 0.024692504565 0.024804731123
0.401103024762 0.024689183898 0.024807954598
0.399990720284 0.024690986827 0.024806201324
0.397804609905 0.02469428777 0.024802991603
0.396702533846 0.024695784173 0.024801536767
0.395605694799 0.024697156931 0.024800202427
0.393402844018 0.024694117978 0.024803019055
0.392274043827 0.02469227596 0.024804761257
0.39010351187 0.024692040307 0.024804885719
0.388970890555 0.02469367378 0.024803244896
0.386817081694 0.02469652162 0.024800391348
0.385681875554 0.024697847383 0.024799063002
0.383535072022 0.024695522358 0.024801799066
0.382458261986 0.024693726488 0.02480342462
0.381348009813 0.024691659665 0.024805266798
0.379192919014 0.024694805337 0.024802149795
0.378062025886 0.024696291364 0.024800676953
0.375905785364 0.024698739844 0.024798238783
0.37477233288 0.024697318553 0.024799639499
0.372614634023 0.024694050128 0.024802857377
0.371475971189 0.02469206049 0.02480481171
0.369326698816 0.024695049072 0.024801842056
0.368190078437 0.024696485975 0.024800414608
0.366040724497 0.024698847305 0.024798055745
0.364904496965 0.024697301609 0.024799451031
0.3628000201 0.024693862753 0.024802573301
0.361619806843 0.024691723906 0.024804566149
0.359622156301 0.024693721456 0.024801855726
0.358367923575 0.024695143046 0.024800242342
0.356480110764 0.024696646819 0.024798150872
0.355098527308 0.024695092586 0.024799678193
0.353198728684 0.024692355658 0.024802355381
0.351804763719 0.024690150665 0.024804524474
0.349907873584 0.024692729835 0.024801991364
0.348516117873 0.024694550261 0.024800199503
0.346609891139 0.024696654243 0.024798134762
0.345222937 0.024695080806 0.024799697999
0.343303539417 0.024692357541 0.024802455643
0.341923386159 0.024690140303 0.024804652589
0.339989490774 0.024692888403 0.024802041452
0.33862991291 0.024694692694 0.024800289024
0.336669849317 0.024696944367 0.024798173185
0.335336038093 0.024695373203 0.024799715656
0.333385522102 0.024692467546 0.024802564891
0.33204152166 0.024690244938 0.02480474789
0.330109164003 0.024692767727 0.024802168287
0.328759295709 0.024694503447 0.024800438944
0.326838180533 0.024696521627 0.02479835615
0.325473035212 0.024694950547 0.024799894054
0.323562784853 0.024692126008 0.024802634572
0.322180965624 0.024689883847 0.024804835172
0.320206681031 0.024692973538 0.024802249488
0.318866822563 0.024694802206 0.024800601399
0.316791806776 0.024697506571 0.024798499882
0.315563279166 0.02469593346 0.024799982842
0.313540090284 0.024692703914 0.024803000594
0.312277530013 0.02469049469 0.024805117457
0.310267339594 0.024693103209 0.024802530301
0.308993813102 0.024694643126 0.0248010102
0.30698141891 0.024696641766 0.024799020532
0.305707630134 0.024695046846 0.024800651522
0.303667682716 0.024691963422 0.024803871353
0.30241768824 0.024689783498 0.024806081186
0.300364642803 0.024692475247 0.024803494241
0.299136159663 0.024693961233 0.024802058871
0.297068131483 0.024696102817 0.024800012267
0.295866189579 0.024693935069 0.024802119947
0.293836196498 0.024689335423 0.024806587995
0.292615533424 0.024686130996 0.024809711686
0.290517238095 0.024689370872 0.024806964301
0.28932030898 0.024690755953 0.024805805997
0.287146963684 0.024692401342 0.024804673735
0.286082439549 0.024691337711 0.024805556643
0.284073240194 0.024688888547 0.024807635473
0.282957888751 0.024687361056 0.024808998578
0.281803976964 0.024690367071 0.024806865115
0.27952896858 0.024691378032 0.024804063296
0.278014855697 0.02469182621 0.02480337306
0.276263421593 0.02468932845 0.024804299561
0.274652986944 0.024687765931 0.024808485037
0.273698951947 0.02468455595 0.024811448084
0.27287183469 0.024684451683 0.024811275947
0.271756200755 0.024683834535 0.024810845341
0.271056180742 0.024686278029 0.024810478557
0.26868373534 0.024683031522 0.024811825109
0.266678747645 0.024682905821 0.024812620745
0.26497110289 0.024682739587 0.02481308065
0.263825835096 0.024678281233 0.024814614436
0.262914683943 0.024681394139 0.024815553504
0.261946732351 0.024676460172 0.024816329358
0.260847482642 0.024677684829 0.024817299779
0.260127144584 0.024678564256 0.024817689166
0.259484129416 0.024678534608 0.024817897405
0.258120663965 0.024676430275 0.024819745487
0.257022043283 0.02467313435 0.024821348045
0.255594644762 0.02467312992 0.024823514584
0.254560081077 0.024668347965 0.024825152486
0.253706154242 0.024670531853 0.024826540704
0.252148144739 0.024665699156 0.024829439708
0.250630275723 0.024665459607 0.024831582686
0.249796415116 0.024662053857 0.024833006374
0.248500111068 0.02466140901 0.024835413315
0.247395639714 0.024657332953 0.024837550778
0.246457447728 0.024657427396 0.02483949753
0.244994922209 0.024652632853 0.024842642847
0.243463879253 0.024650543414 0.024846066862
0.242614628145 0.024648567252 0.024848091562
0.241679437195 0.024645510122 0.024850480526
0.240255975737 0.024637697934 0.024856367246
0.239465949445 0.024636937539 0.024859987932
0.23791106731 0.024625927224 0.024867494942
0.237128175432 0.024625823329 0.02487076034
0.235688230117 0.024618536503 0.024877350149
0.234421273759 0.024611793155 0.024883993119
0.233466248807 0.024604302495 0.024889378558
0.232316638692 0.024599318037 0.024896562425
0.231135332746 0.024588939533 0.024905167526
0.230257214103 0.024580938213 0.024914598307
0.229112970115 0.024562979401 0.02493183045
0.22785819813 0.024534628718 0.024960641571
0.227056485057 0.024508500377 0.024983698257
0.226277554979 0.024483752911 0.025010472458
