0.225 0.016334620641 -0.030953264123
0.225 0.016001202332 -0.031446930828
0.225 0.015729830638 -0.031823001326
0.225 0.015182983843 -0.032537354748
0.225 0.014766139412 -0.033040539596
0.225 0.014301564044 -0.033562219292
0.225 0.013813582495 -0.034070668808
0.225 0.013340265527 -0.034526836634
0.225 0.012992478339 -0.034846830002
0.225 0.012401133076 -0.035362175762
0.225 0.01200840066 -0.035685153585
0.225 0.011420476574 -0.036130456334
0.225 0.011117821766 -0.036349523877
0.225 0.010518851365 -0.036749310479
0.225 0.010399523854 -0.036824835345
0.225 0.009637771852 -0.037293501037
0.225 0.009354155395 -0.037455310356
0.225 0.008962438037 -0.03766748422
0.225 0.008578540221 -0.037862691295
0.225 0.008281822543 -0.038005802865
0.225 0.008025430174 -0.038123421746
0.225 0.007622386895 -0.038301925266
0.225 0.007327466646 -0.0384255134
0.225 0.006968749386 -0.03856925145
0.225 0.006741199862 -0.038656549634
0.225 0.006369420353 -0.038791364435
0.225 0.006089802053 -0.038886866163
0.225 0.005746821175 -0.038996875319
0.225 0.005484324671 -0.039076929279
0.225 0.00527085257 -0.039139159432
0.225 0.004953122941 -0.039227366345
0.225 0.004675312718 -0.039299162144
0.225 0.004480429743 -0.039346945701
0.225 0.004296972332 -0.039390036075
0.225 0.004010020414 -0.039453724354
0.225 0.003705871765 -0.039515687367
0.225 0.0034773609 -0.039559131777
0.225 0.00321360038 -0.039606103145
0.225 0.002975473422 -0.03964507585
0.225 0.002797994978 -0.039672421304
0.225 0.002565370986 -0.039704914993
0.225 0.002372195687 -0.03973040769
0.225 0.002213402311 -0.039749213314
0.225 0.001926756082 -0.039780695022
0.225 0.001733078515 -0.039799103341
0.225 0.001480443042 -0.03982050704
0.225 0.001247900113 -0.039837136147
0.225 0.001055601829 -0.039848876799
0.225 0.000824721519 -0.039860064655
0.225 0.000659751143 -0.039866761502
0.225 0.000514532238 -0.039870980358
0.225 0.000263900457 -0.039876142747
0.225 0.000131950229 -0.039877727235
0.225 -0.0 -0.039878065608
0.225 -0.000131950229 -0.039877727235
0.225 -0.000263900457 -0.039876142747
0.225 -0.000514532238 -0.039870980358
0.225 -0.000659751143 -0.039866761502
0.225 -0.000824721519 -0.039860064655
0.225 -0.001055601829 -0.039848876799
0.225 -0.001247900113 -0.039837136147
0.225 -0.001480443042 -0.03982050704
0.225 -0.001733078515 -0.039799103341
0.225 -0.001926756082 -0.039780695022
0.225 -0.002213402311 -0.039749213314
0.225 -0.002372195687 -0.03973040769
0.225 -0.002565370986 -0.039704914993
0.225 -0.002797994978 -0.039672421304
0.225 -0.002975473422 -0.03964507585
0.225 -0.00321360038 -0.039606103145
0.225 -0.0034773609 -0.039559131777
0.225 -0.003705871765 -0.039515687367
0.225 -0.004010020414 -0.039453724354
0.225 -0.004296972332 -0.039390036075
0.225 -0.004480429743 -0.039346945701
0.225 -0.004675312718 -0.039299162144
0.225 -0.004953122941 -0.039227366345
0.225 -0.00527085257 -0.039139159432
0.225 -0.005484324671 -0.039076929279
0.225 -0.005746821175 -0.038996875319
0.225 -0.006089802053 -0.038886866163
0.225 -0.006369420353 -0.038791364435
0.225 -0.006741199862 -0.038656549634
0.225 -0.006968749386 -0.03856925145
0.225 -0.007327466646 -0.0384255134
0.225 -0.007622386895 -0.038301925266
0.225 -0.008025430174 -0.038123421746
0.225 -0.008281822543 -0.038005802865
0.225 -0.008578540221 -0.037862691295
0.225 -0.008962438037 -0.03766748422
0.225 -0.009354155395 -0.037455310356
0.225 -0.009637771852 -0.037293501037
0.225 -0.010399523854 -0.036824835345
0.225 -0.010518851365 -0.036749310479
0.225 -0.011117821766 -0.036349523877
0.225 -0.011420476574 -0.036130456334
0.225 -0.01200840066 -0.035685153585
0.225 -0.012401133076 -0.035362175762
0.225 -0.012992478339 -0.034846830002
0.225 -0.013340265527 -0.034526836634
0.225 -0.013813582495 -0.034070668808
0.225 -0.014301564044 -0.033562219292
0.225 -0.014766139412 -0.033040539596
0.225 -0.015182983843 -0.032537354748
0.225 -0.015729830638 -0.031823001326
0.225 -0.016001202332 -0.031446930828
0.225 -0.016334620641 -0.030953264123
