0.523643073273 0.032992377366 0.011680235844
0.522245729966 0.033060635303 0.011485334947
0.521009993169 0.033110324628 0.011341759886
0.51987006766 0.033146311575 0.011236496271
0.518913866647 0.033172124783 0.011160253707
0.517613171435 0.033200625726 0.011072495152
0.515870571491 0.033230290958 0.010987109281
0.514867496934 0.033243989538 0.010940171283
0.51309594605 0.03327167158 0.010862391828
0.512178459239 0.033279700577 0.010825054176
0.511293899313 0.033294396581 0.010791884032
0.509612404476 0.033311710068 0.010735275605
0.508450386764 0.033322388089 0.010700691379
0.507475239555 0.033331114467 0.010673593146
0.506186443615 0.03334102889 0.010643768496
0.504329676795 0.033353099652 0.01060347587
0.502682057784 0.033364613598 0.010568486277
0.501125185337 0.033374226801 0.010537356406
0.49979564302 0.033380683578 0.010514395881
0.4983928268 0.033387900689 0.010494865842
0.49718842439 0.033394109722 0.010476835725
0.496173094631 0.033399645471 0.010462220024
0.494150365839 0.033406316988 0.010435298945
0.492779297945 0.033411108977 0.010419187463
0.491115718013 0.033416235922 0.010400753087
0.489434287245 0.033422241497 0.010383597271
0.488022563247 0.03342548459 0.010372514709
0.486122816252 0.033429938635 0.010358421394
0.484745793926 0.033433309637 0.010347755001
0.482810992227 0.033438158452 0.01033241257
0.481471631491 0.033441430167 0.010321646526
0.479392040573 0.033446924816 0.010307296566
0.478209013946 0.033448585033 0.01030194948
0.476086144343 0.03345146327 0.010292949064
0.474925711225 0.033453033846 0.010288037782
0.472784781323 0.033455880011 0.010279137657
0.471641496466 0.033457334402 0.010274470197
0.470473393829 0.033458139829 0.010271477061
0.468318374854 0.033458823396 0.010265931775
0.467078822236 0.033459864417 0.010262410938
0.465032449449 0.033461519913 0.010256811886
0.463782214573 0.033462461935 0.010253625875
0.461745956178 0.033463935001 0.01024864382
0.46048564951 0.033465038341 0.010244912214
0.45845917201 0.033466205923 0.010240963337
0.457190921283 0.033466704427 0.010239277346
0.455170430137 0.033467506623 0.010236564241
0.453896919223 0.033468010631 0.010234859637
0.451881706352 0.033468816288 0.010232134826
0.45060256534 0.033469491195 0.010229852222
0.448593062154 0.033470165394 0.010227572014
0.447309319888 0.03347042243 0.010226702692
0.445303072287 0.033470847599 0.010225264729
0.444016511298 0.033471137161 0.010224285404
0.442013247161 0.033471611448 0.010222681316
0.440723175873 0.033472112986 0.010220985068
0.438723725378 0.033472525631 0.010219589458
0.437430768019 0.033472629114 0.010219239469
0.435432968527 0.033472827726 0.010218567746
0.434138676987 0.033472988229 0.010218024908
0.432142503495 0.033473274443 0.010217056904
0.430845949811 0.033473662611 0.01021574408
0.428852466933 0.033473933506 0.010214827887
0.427553979043 0.033473962124 0.010214731098
0.425561315154 0.033474039877 0.010214468129
0.424262287852 0.033474123081 0.010214186727
0.422270442309 0.033474284486 0.010213640839
0.420969941003 0.033474608976 0.010212543381
0.418980066128 0.033474775237 0.010211981071
0.417678318496 0.033474735894 0.010212114133
0.415688593047 0.033474722373 0.01021215986
0.414386911429 0.033474756041 0.010212045992
0.412397492505 0.033474854137 0.010211714222
0.411094769572 0.033475140344 0.010210746241
0.409106937239 0.033475256135 0.010210354625
0.407803305871 0.033475188559 0.010210583174
0.40581532003 0.033475131843 0.010210774993
0.404512040596 0.033475138435 0.010210752697
0.402524080793 0.033475194871 0.010210561825
0.401220030018 0.033475457678 0.010209672988
0.399233412693 0.033475540949 0.010209391355
0.397928671706 0.033475453662 0.010209686569
0.395941697176 0.033475367937 0.0102099765
0.394637500845 0.033475356748 0.010210014343
0.392650369152 0.033475386962 0.010209912154
0.391345589307 0.033475626907 0.010209100639
0.389359575855 0.033475670994 0.010208951529
0.388054379907 0.033475549092 0.010209363816
0.386067659489 0.033475398443 0.010209873326
0.384763435508 0.033475339945 0.010210071171
0.3827760658 0.033475285807 0.010210254271
0.3814717227 0.033475511615 0.010209490566
0.379485361684 0.033475614036 0.010209144168
0.378180317987 0.033475530596 0.010209426371
0.376193751931 0.033475493439 0.010209552039
0.374888954894 0.03347552895 0.010209431939
0.3729027475 0.033475672835 0.010208945304
0.371697791461 0.033476246598 0.010209369465
0.369655975865 0.033477008739 0.010209764963
0.368501585337 0.0334770249 0.010209709716
0.366364805972 0.033477109766 0.010209419604
0.365209834872 0.033477182422 0.010209171235
0.363073949075 0.033477371699 0.010208524198
0.361920174571 0.033477295137 0.010208837114
0.359783043286 0.033477188233 0.010209256608
0.358630956491 0.033477187173 0.010209260234
0.356491774282 0.033477238347 0.010209085262
0.355339332743 0.033477292366 0.010208900566
0.353200810942 0.033477445714 0.010208376249
0.352048551007 0.03347735864 0.01020869325
0.349909319959 0.033477221515 0.010209182407
0.348758266767 0.033477207061 0.010209231831
0.346617993311 0.033477241979 0.010209112433
0.34546669291 0.033477291753 0.01020894224
0.343327023358 0.033477446003 0.010208414802
0.342174642041 0.033477345223 0.010208744837
0.340034957634 0.033477196502 0.010209238041
0.338883142901 0.033477184318 0.010209279702
0.336743639193 0.033477221185 0.010209153648
0.335591564811 0.033477270819 0.010208983939
0.333452663906 0.033477422424 0.010208465574
0.332300228091 0.03347732568 0.010208799641
0.330160950012 0.033477179372 0.010209303348
0.329009409908 0.033477165409 0.010209351092
0.326869621361 0.033477198804 0.010209236906
0.325717844977 0.03347724651 0.01020907379
0.323578635083 0.033477394413 0.010208568076
0.32242735861 0.033477302487 0.010208905802
0.320287406912 0.033477159363 0.010209419818
0.319137353574 0.033477142402 0.010209477814
0.316996060628 0.033477169727 0.010209384376
0.315845811708 0.033477213958 0.010209233128
0.313705054323 0.033477355137 0.010208750363
0.312553397863 0.03347724387 0.010209097533
0.310413227008 0.033477078805 0.010209626973
0.309261555968 0.033477059391 0.01020969335
0.307121868898 0.033477083081 0.010209612353
0.305970026936 0.033477125823 0.010209466213
0.303830855597 0.033477264917 0.010208990638
0.302663306994 0.033477024766 0.010209398181
0.300532868644 0.033476725038 0.010209987971
0.299358207902 0.033476698585 0.010210078274
0.297241476568 0.033476711888 0.01021003286
0.296066717759 0.033476750488 0.010209901092
0.293950440086 0.033476880952 0.010209455723
0.292787547439 0.033476843851 0.010209861763
0.290665823272 0.033476563849 0.010211119315
0.289509020412 0.033476395412 0.010211694934
0.287373651216 0.033476148073 0.010212540194
0.286218489204 0.033476052407 0.010212867124
0.284081880086 0.033475939207 0.010213253975
0.282820100898 0.03347527313 0.010212964321
0.280741413819 0.033474155495 0.010214088544
0.279443057501 0.033474002005 0.010214610023
0.277450039882 0.033473977791 0.010214699559
0.276152322337 0.033474055742 0.010214438251
0.274159848707 0.033474386141 0.010213328337
0.27290008656 0.03347501271 0.01021521606
0.271791964393 0.033475135288 0.01021633997
0.269745090805 0.033473483812 0.01021590283
0.268334586846 0.033473236171 0.010216143863
0.266601256931 0.033472146941 0.010217027124
0.26487581954 0.033472476426 0.010218573354
0.263474026985 0.033473183522 0.010219171983
0.26240060621 0.033474468053 0.010219213639
0.260406148746 0.033472486746 0.010219071085
0.258938843702 0.033472509077 0.010219652922
0.257421659476 0.033471878685 0.010220612656
0.255626447516 0.033472540735 0.010222264651
0.254523961338 0.033473202441 0.010222676966
0.253266378004 0.033472157765 0.010223124431
0.251800044779 0.033471464752 0.010223960413
0.250891275433 0.033473185489 0.010224743509
0.249174112273 0.033470797019 0.010225994799
0.247813771451 0.033470787765 0.0102274444
0.246615578657 0.033471413532 0.010228190093
0.245565499892 0.033471006693 0.010228765104
0.244093983989 0.033469713316 0.01022993461
0.24319466617 0.033471210705 0.010230951139
0.241572928834 0.033468345998 0.010233056059
0.240143534463 0.033470002391 0.010234446909
0.239633731374 0.033467965716 0.010235387669
0.238484114331 0.033469132523 0.010236803029
0.237644384805 0.033468949439 0.010237852775
0.236854457241 0.033468773639 0.010239162005
0.235478881718 0.033467501049 0.010242134468
0.234596985798 0.033466673603 0.010244529197
0.233543867776 0.033465595164 0.010247496794
0.232911587938 0.033465026462 0.010249360399
0.232441962982 0.033465240097 0.010250686774
0.231510248652 0.033463610571 0.010253619189
0.230853831449 0.033463551523 0.010256032079
0.230109656927 0.033461948896 0.01025898575
0.229263803783 0.033461506245 0.010262796173
0.228644216394 0.033459720569 0.010266073345
0.228116536846 0.033459543503 0.010268963275
0.227403496747 0.033457395888 0.010275635531
0.226649200891 0.033453940483 0.010287354937
0.226201748373 0.033450601854 0.010296315115
0.22579435255 0.033448239787 0.010306037303
