0.52475 0.041842693745 -0.016554552456
0.52475 0.040928285691 -0.016133479645
0.52475 0.040113092541 -0.015754390716
0.52475 0.039335901452 -0.015376784578
0.52475 0.03844122547 -0.014938716049
0.52475 0.037813413686 -0.014618536698
0.52475 0.036808567039 -0.014110713704
0.52475 0.03637471021 -0.013872698498
0.52475 0.035470805155 -0.013375325354
0.52475 0.03496065479 -0.013077403271
0.52475 0.034169835716 -0.012608915261
0.52475 0.03365160505 -0.012284145819
0.52475 0.032937259326 -0.01183182915
