0.523716156494 0.031604915787 -0.015029758481
0.522341808352 0.03171693744 -0.01479810583
0.520614625974 0.031829623994 -0.014546912819
0.518657671292 0.031934602749 -0.014323343805
0.517513095455 0.031978224794 -0.014218010325
0.51560639657 0.032039528613 -0.014087010946
0.515110477242 0.032051976414 -0.01405942495
0.513318152712 0.032089365482 -0.013967095237
0.511552160761 0.032125296921 -0.013886099399
0.510160511223 0.032151894061 -0.013827317143
0.508945278089 0.03217133296 -0.013780984422
0.5069860924 0.032198095117 -0.013713564364
0.50515649913 0.032222981574 -0.013657815298
0.50387909177 0.032240304061 -0.013618973862
0.502791544029 0.032253785126 -0.013589553828
0.500649504771 0.032274169508 -0.013535930357
0.499164359974 0.032287781725 -0.013502743626
0.497410640679 0.032302295097 -0.013466501624
0.495588492087 0.03231647923 -0.013434775069
0.4942622622 0.032325701319 -0.013413830404
0.492141608636 0.03233947236 -0.013383196754
0.490909552673 0.03234613361 -0.013367262087
0.488659003199 0.032357058525 -0.013340908546
0.487438327873 0.032362419697 -0.013327978656
0.485234161219 0.032371224259 -0.013306894028
0.484102552113 0.03237565371 -0.013296447848
0.482511102029 0.032381673035 -0.013282440099
0.480849225677 0.032386664157 -0.013269207773
0.479691677466 0.03238983872 -0.013260852217
0.477598776612 0.032394933814 -0.013247298406
0.476359851593 0.032397598643 -0.013240285905
0.474330012148 0.032402033674 -0.013229161814
0.473058370871 0.032404659891 -0.013222574646
0.471010089875 0.032408903077 -0.013212543105
0.469738189007 0.03241121261 -0.013206965908
0.467660894386 0.032414724144 -0.013198776751
0.466420551326 0.032416536148 -0.013194516857
0.464355560499 0.032419126098 -0.013187983198
0.463123417018 0.032420604163 -0.013184254488
0.4610504613 0.032423092133 -0.013178323177
0.459817992905 0.032424393078 -0.013175175691
0.457730617088 0.032426419383 -0.013170409812
0.456513931169 0.032427440779 -0.01316799487
0.454433055587 0.032429025951 -0.01316398374
0.453219054998 0.032429926838 -0.01316170413
0.451164225471 0.032431188948 -0.013158222326
0.449931106549 0.032431872565 -0.013156387669
0.44790457067 0.032432811944 -0.013153739572
0.446643530976 0.032433317138 -0.013152343025
0.444625599662 0.032434197466 -0.013150121023
0.443350134982 0.032434750796 -0.013148724382
0.441350551366 0.032435522879 -0.013146572078
0.440061982112 0.032435967901 -0.013145386837
0.438083225437 0.032436502756 -0.01314384267
0.436774040052 0.03243679366 -0.013143026931
0.434800801281 0.032437264777 -0.013141840116
0.433481530241 0.032437599557 -0.013140996755
0.431498295514 0.032438231857 -0.013139594803
0.430183882074 0.032438563713 -0.013138815238
0.428186621889 0.032439027729 -0.013137841499
0.426886938454 0.032439253766 -0.013137358098
0.424888998816 0.032439530134 -0.013136660528
0.423594899468 0.032439728858 -0.013136158939
0.421596686637 0.032440090874 -0.013135277263
0.420301962178 0.03244027657 -0.013134818608
0.418302661564 0.03244050437 -0.013134275688
0.417009387947 0.032440603348 -0.013134039926
0.415010641053 0.032440749088 -0.013133671955
0.413717636954 0.032440875105 -0.01313335378
0.411720087166 0.03244110877 -0.013132763345
0.410425790241 0.032441222677 -0.013132475599
0.408429278063 0.032441341617 -0.013132174828
0.407134211381 0.032441380452 -0.013132076573
0.4051381628 0.03244144934 -0.01313190264
0.4038426358 0.032441528255 -0.013131703392
0.401849396888 0.03244168522 -0.013131276167
0.400551715528 0.032441757369 -0.013131084511
0.398561735419 0.032441808759 -0.013130924052
0.397260994864 0.032441809488 -0.013130908875
0.395271553471 0.032441826663 -0.013130865524
0.393969537186 0.032441873956 -0.013130746154
0.391969430296 0.032442083422 -0.013130384002
0.390673589877 0.032442167634 -0.013130224977
0.388659819404 0.032442286078 -0.013130096787
0.38737809044 0.032442317852 -0.013130093375
0.385362318657 0.032442330155 -0.013130062269
0.384086644235 0.032442374322 -0.013129950605
0.382104827757 0.032442256044 -0.013129736989
0.380808071245 0.032442223225 -0.01312967586
0.378868380235 0.032442025218 -0.013129704136
0.377528704581 0.03244191019 -0.013129806932
0.375595125817 0.032441862899 -0.013129925905
0.374237395596 0.032441869773 -0.013129908613
0.372290694674 0.032442072072 -0.013129585605
0.370940497997 0.032442149575 -0.013129436411
0.368976799237 0.03244226615 -0.013129335641
0.367644181823 0.032442290582 -0.013129356733
0.365677776778 0.032442263764 -0.013129424339
0.364352815655 0.032442290409 -0.013129357171
0.362467848699 0.032441875966 -0.013129243136
0.361094085219 0.032441824693 -0.013129245571
0.359312550572 0.032441419146 -0.013129369553
0.357831346599 0.03244124485 -0.013129581426
0.356066186545 0.032441128436 -0.01312987124
0.354540224906 0.032441074488 -0.013130005543
0.352774058459 0.032441240386 -0.013129602487
0.351248068698 0.032441333451 -0.013129368653
0.349481144162 0.032441380995 -0.013129260259
0.347956331558 0.032441340405 -0.013129363959
0.346188821957 0.032441206052 -0.013129698488
0.344665244032 0.032441146226 -0.013129847448
0.342897480977 0.03244128386 -0.013129506057
0.341373513465 0.032441361306 -0.013129312949
0.339606089147 0.032441391561 -0.013129238921
0.338082123612 0.032441344403 -0.013129356689
0.336314275231 0.03244120608 -0.01312970111
0.334791049684 0.032441140752 -0.013129863775
0.333023231871 0.032441273 -0.013129532519
0.331499463822 0.032441347327 -0.013129347856
0.329732415176 0.032441372234 -0.013129283881
0.328208201563 0.032441321221 -0.013129410382
0.326440781781 0.032441178242 -0.013129766386
0.324917140234 0.032441108804 -0.013129939279
0.323150824007 0.032441232225 -0.013129618597
0.321626025491 0.032441303668 -0.013129443579
0.319862043328 0.032441318916 -0.013129392339
0.318335178144 0.032441261359 -0.013129532181
0.316571070173 0.032441111119 -0.013129906181
0.315044136917 0.03244103499 -0.013130095691
0.31328775992 0.032441118571 -0.013129805051
0.311755722215 0.032441185114 -0.013129660451
0.310011402533 0.032441155155 -0.013129655779
0.308467232774 0.032441069441 -0.013129850911
0.306724494625 0.032440890357 -0.013130296089
0.305176273952 0.032440786024 -0.013130555448
0.30339335481 0.032441073102 -0.013130221655
0.301865502563 0.032441124443 -0.013130034892
0.300026933858 0.032441332763 -0.013129968004
0.298557049498 0.032441353044 -0.013130081073
0.296710072788 0.0324411981 -0.013130468785
0.295266007475 0.032441125569 -0.013130650276
0.293451318691 0.032440986902 -0.013130576393
0.291984986176 0.032440979548 -0.013130618203
0.290218064083 0.032440750929 -0.013130823603
0.288702938861 0.032440570876 -0.013131182409
0.28694534554 0.032440315683 -0.013131817307
0.285412174221 0.032440149993 -0.013132229529
0.283574380255 0.032440779039 -0.013131486646
0.282084429995 0.032441131504 -0.013130635473
0.280135428065 0.032442180254 -0.01312911216
0.278758684786 0.032442735753 -0.013128217011
0.276793690714 0.032442058819 -0.013129928228
0.275469626931 0.032441606689 -0.013131069266
0.273453893182 0.032441056429 -0.01313367538
0.272209425242 0.032440684886 -0.01313513127
0.270083573883 0.032440390634 -0.01313735312
0.268948797613 0.032440288343 -0.013138386102
0.267862951637 0.032440538228 -0.01313793948
0.265703409545 0.03244046812 -0.013137387965
0.264593226633 0.032439938 -0.013137629903
0.262644461843 0.032439011441 -0.013137870478
0.261367693724 0.032438779837 -0.013137996276
0.259585199859 0.032438224527 -0.013137943169
0.258066994602 0.032437615231 -0.013139361631
0.256626653542 0.032436807057 -0.013141028308
0.25572199826 0.032439015239 -0.013141262522
0.253957433248 0.032435779445 -0.013141757376
0.252417071126 0.032438511786 -0.013142478567
0.251288307231 0.032435650272 -0.013143005711
0.249670244433 0.032437119809 -0.013144023999
0.248602347783 0.032436068643 -0.0131455234
0.247254025284 0.032435655877 -0.0131470163
0.246117473642 0.032435778021 -0.013148619616
0.244874682277 0.032434042878 -0.013150672386
0.243622603526 0.032433818992 -0.013153196189
0.242493913616 0.032432084298 -0.013155748424
0.241128531371 0.0324305138 -0.013159294598
0.240269671993 0.032430561911 -0.013160612859
0.238913550622 0.032428069051 -0.013162678917
0.237540146485 0.032428749005 -0.01316553276
0.236710658665 0.032427791531 -0.013167727386
0.235389129673 0.032425985588 -0.0131717127
0.234513909297 0.032424755834 -0.01317464769
0.233803786389 0.032424643827 -0.01317636679
0.232744732045 0.032422990303 -0.013179493739
0.231979942793 0.032422100213 -0.013182348779
0.230982654115 0.032420443433 -0.01318665667
0.230362213063 0.032419278635 -0.013189853883
0.229335063357 0.032416218554 -0.013195642579
0.228764944101 0.032416056721 -0.013198078189
0.228031593473 0.032412830485 -0.013204330326
0.227525317467 0.032410719539 -0.013211106155
0.226567737699 0.032402929351 -0.013229985103
0.225523500305 0.032391788773 -0.013257773688
